Fold: 1 	 Test r2: 0.8792 	 Test Loss: 238.7084 	 Test MAE: 10.3817
Fold: 2 	 Test r2: 0.6753 	 Test Loss: 415.4535 	 Test MAE: 13.7523
Fold: 3 	 Test r2: 0.8111 	 Test Loss: 232.1470 	 Test MAE: 12.5169
Fold: 4 	 Test r2: 0.8201 	 Test Loss: 268.0828 	 Test MAE: 11.7777
Fold: 5 	 Test r2: 0.8621 	 Test Loss: 146.0353 	 Test MAE: 9.6130
Final avg. r2:  0.8095400392101888
Final avg. MSE: 260.0853742992434
Final avg. MAE: 11.60832834016709
R2: 0.8095400392101888 +- 0.0
MAE: 11.60832834016709 +- 0.0
