Fold: 1 	 Test r2: 0.8784 	 Test Loss: 228.1433 	 Test MAE: 9.3636
Fold: 2 	 Test r2: 0.8302 	 Test Loss: 202.6712 	 Test MAE: 9.9314
Fold: 3 	 Test r2: 0.8782 	 Test Loss: 159.3770 	 Test MAE: 9.5733
Fold: 4 	 Test r2: 0.8362 	 Test Loss: 192.2966 	 Test MAE: 10.4875
Fold: 5 	 Test r2: 0.9366 	 Test Loss: 91.9357 	 Test MAE: 7.4139
Final avg. r2:  0.871914450072666
Final avg. MSE: 174.884752938673
Final avg. MAE: 9.353940980491185
R2: 0.871914450072666 +- 0.0
MAE: 9.353940980491185 +- 0.0
