Fold: 1 	 Test r2: 0.8724 	 Test Loss: 241.4526 	 Test MAE: 11.2210
Fold: 2 	 Test r2: 0.8448 	 Test Loss: 203.9200 	 Test MAE: 9.4428
Fold: 3 	 Test r2: 0.8760 	 Test Loss: 218.8615 	 Test MAE: 10.2907
Fold: 4 	 Test r2: 0.9320 	 Test Loss: 73.7484 	 Test MAE: 6.7471
Fold: 5 	 Test r2: 0.8780 	 Test Loss: 110.0713 	 Test MAE: 8.3099
Final avg. r2:  0.8806385387219283
Final avg. MSE: 169.61075634925967
Final avg. MAE: 9.202306875444595
R2: 0.8806385387219283 +- 0.0
MAE: 9.202306875444595 +- 0.0
