Fold: 1 	 Test r2: 0.9019 	 Test Loss: 235.8558 	 Test MAE: 9.1802
Fold: 2 	 Test r2: 0.8847 	 Test Loss: 149.8981 	 Test MAE: 8.6180
Fold: 3 	 Test r2: 0.7697 	 Test Loss: 290.1442 	 Test MAE: 11.9839
Fold: 4 	 Test r2: 0.8456 	 Test Loss: 141.1386 	 Test MAE: 9.6149
Fold: 5 	 Test r2: 0.7792 	 Test Loss: 229.1101 	 Test MAE: 10.3304
Final avg. r2:  0.8362152901839668
Final avg. MSE: 209.2293542040727
Final avg. MAE: 9.945468205497379
R2: 0.8362152901839668 +- 0.0
MAE: 9.945468205497379 +- 0.0
