Fold: 1 	 Test r2: 0.8534 	 Test Loss: 151.9055 	 Test MAE: 9.5827
Fold: 2 	 Test r2: 0.9392 	 Test Loss: 75.6287 	 Test MAE: 6.8742
Fold: 3 	 Test r2: 0.9056 	 Test Loss: 127.2732 	 Test MAE: 7.4070
Fold: 4 	 Test r2: 0.9082 	 Test Loss: 108.4519 	 Test MAE: 7.4704
Fold: 5 	 Test r2: 0.9320 	 Test Loss: 147.2657 	 Test MAE: 7.2821
Final avg. r2:  0.9076562333271048
Final avg. MSE: 122.10499176376932
Final avg. MAE: 7.723279589130766
R2: 0.9076562333271048 +- 0.0
MAE: 7.723279589130766 +- 0.0
