Fold: 1 	 Test r2: 0.8864 	 Test Loss: 175.7675 	 Test MAE: 9.5538
Fold: 2 	 Test r2: 0.8220 	 Test Loss: 282.8533 	 Test MAE: 11.3386
Fold: 3 	 Test r2: 0.8625 	 Test Loss: 201.8226 	 Test MAE: 10.4103
Fold: 4 	 Test r2: 0.8137 	 Test Loss: 306.3757 	 Test MAE: 10.9751
Fold: 5 	 Test r2: 0.7963 	 Test Loss: 175.1873 	 Test MAE: 10.4460
Final avg. r2:  0.8361596546073577
Final avg. MSE: 228.4012726418976
Final avg. MAE: 10.544756766727993
R2: 0.8361596546073577 +- 0.0
MAE: 10.544756766727993 +- 0.0
