Fold: 1 	 Test r2: 0.8858 	 Test Loss: 145.7011 	 Test MAE: 9.2329
Fold: 2 	 Test r2: 0.9010 	 Test Loss: 174.5746 	 Test MAE: 8.4498
Fold: 3 	 Test r2: 0.8762 	 Test Loss: 130.9806 	 Test MAE: 9.1012
Fold: 4 	 Test r2: 0.8959 	 Test Loss: 98.7620 	 Test MAE: 7.7355
Fold: 5 	 Test r2: 0.7787 	 Test Loss: 441.4242 	 Test MAE: 12.7353
Final avg. r2:  0.8675345019578271
Final avg. MSE: 198.28852108925224
Final avg. MAE: 9.450931749457405
R2: 0.8675345019578271 +- 0.0
MAE: 9.450931749457405 +- 0.0
