Fold: 1 	 Test r2: 0.8887 	 Test Loss: 127.0276 	 Test MAE: 7.5015
Fold: 2 	 Test r2: 0.9083 	 Test Loss: 144.2519 	 Test MAE: 8.9659
Fold: 3 	 Test r2: 0.8892 	 Test Loss: 108.7765 	 Test MAE: 7.9763
Fold: 4 	 Test r2: 0.8830 	 Test Loss: 199.3676 	 Test MAE: 9.1475
Fold: 5 	 Test r2: 0.7791 	 Test Loss: 374.3969 	 Test MAE: 13.0522
Final avg. r2:  0.8696684782801427
Final avg. MSE: 190.76409381168497
Final avg. MAE: 9.328668498567172
R2: 0.8696684782801427 +- 0.0
MAE: 9.328668498567172 +- 0.0
