Fold: 1 	 Test r2: 0.8305 	 Test Loss: 243.5537 	 Test MAE: 10.1128
Fold: 2 	 Test r2: 0.9422 	 Test Loss: 83.2008 	 Test MAE: 7.5512
Fold: 3 	 Test r2: 0.9124 	 Test Loss: 144.8873 	 Test MAE: 8.6121
Fold: 4 	 Test r2: 0.8491 	 Test Loss: 159.1418 	 Test MAE: 10.3928
Fold: 5 	 Test r2: 0.8734 	 Test Loss: 181.4656 	 Test MAE: 9.6955
Final avg. r2:  0.8815254726446277
Final avg. MSE: 162.44983744183315
Final avg. MAE: 9.272848626048793
R2: 0.8815254726446277 +- 0.0
MAE: 9.272848626048793 +- 0.0
