Fold: 1 	 Test r2: 0.8653 	 Test Loss: 270.6774 	 Test MAE: 10.3926
Fold: 2 	 Test r2: 0.8900 	 Test Loss: 164.5997 	 Test MAE: 9.0133
Fold: 3 	 Test r2: 0.9239 	 Test Loss: 110.7937 	 Test MAE: 7.3500
Fold: 4 	 Test r2: 0.8894 	 Test Loss: 95.8166 	 Test MAE: 7.7378
Fold: 5 	 Test r2: 0.6945 	 Test Loss: 260.7205 	 Test MAE: 13.0081
Final avg. r2:  0.8526034184452177
Final avg. MSE: 180.5215767223189
Final avg. MAE: 9.500367135501333
R2: 0.8526034184452177 +- 0.0
MAE: 9.500367135501333 +- 0.0
