Fold: 1 	 Test r2: 0.8184 	 Test Loss: 275.4642 	 Test MAE: 11.7760
Fold: 2 	 Test r2: 0.9179 	 Test Loss: 177.7962 	 Test MAE: 7.5409
Fold: 3 	 Test r2: 0.8954 	 Test Loss: 108.9925 	 Test MAE: 7.3744
Fold: 4 	 Test r2: 0.8450 	 Test Loss: 257.7302 	 Test MAE: 11.1259
Fold: 5 	 Test r2: 0.8249 	 Test Loss: 119.4652 	 Test MAE: 8.1545
Final avg. r2:  0.8603294466374676
Final avg. MSE: 187.88967246977367
Final avg. MAE: 9.194316300324033
R2: 0.8603294466374676 +- 0.0
MAE: 9.194316300324033 +- 0.0
