Fold: 1 	 Test r2: 0.8683 	 Test Loss: 196.2306 	 Test MAE: 10.5911
Fold: 2 	 Test r2: 0.9381 	 Test Loss: 83.8883 	 Test MAE: 6.4870
Fold: 3 	 Test r2: 0.8181 	 Test Loss: 309.4030 	 Test MAE: 11.5690
Fold: 4 	 Test r2: 0.8959 	 Test Loss: 97.2095 	 Test MAE: 7.6393
Fold: 5 	 Test r2: 0.8607 	 Test Loss: 216.4092 	 Test MAE: 10.0922
Final avg. r2:  0.8762176212330595
Final avg. MSE: 180.62813024621815
Final avg. MAE: 9.275722568943387
R2: 0.8762176212330595 +- 0.0
MAE: 9.275722568943387 +- 0.0
