Fold: 1 	 Test r2: 0.8987 	 Test Loss: 163.2299 	 Test MAE: 7.8409
Fold: 2 	 Test r2: 0.9131 	 Test Loss: 120.3239 	 Test MAE: 7.9551
Fold: 3 	 Test r2: 0.8851 	 Test Loss: 213.9845 	 Test MAE: 9.7933
Fold: 4 	 Test r2: 0.8885 	 Test Loss: 113.6957 	 Test MAE: 8.4822
Fold: 5 	 Test r2: 0.7627 	 Test Loss: 295.0913 	 Test MAE: 11.8019
Final avg. r2:  0.8696138970665238
Final avg. MSE: 181.2650669681347
Final avg. MAE: 9.17466869120087
R2: 0.8696138970665238 +- 0.0
MAE: 9.17466869120087 +- 0.0
