Fold: 1 	 Test r2: 0.9340 	 Test Loss: 72.7648 	 Test MAE: 5.9441
Fold: 2 	 Test r2: 0.9442 	 Test Loss: 107.7699 	 Test MAE: 8.0017
Fold: 3 	 Test r2: 0.8832 	 Test Loss: 124.0681 	 Test MAE: 8.7766
Fold: 4 	 Test r2: 0.8535 	 Test Loss: 277.7223 	 Test MAE: 10.0382
Fold: 5 	 Test r2: 0.8506 	 Test Loss: 147.2595 	 Test MAE: 8.0307
Final avg. r2:  0.8930967311634486
Final avg. MSE: 145.916920869563
Final avg. MAE: 8.158267944199698
R2: 0.8930967311634486 +- 0.0
MAE: 8.158267944199698 +- 0.0
