Fold: 1 	 Test r2: 0.6547 	 Test Loss: 184.6938 	 Test MAE: 9.3648
Fold: 2 	 Test r2: 0.9339 	 Test Loss: 88.1573 	 Test MAE: 7.9176
Fold: 3 	 Test r2: 0.8763 	 Test Loss: 248.3644 	 Test MAE: 8.9197
Fold: 4 	 Test r2: 0.9372 	 Test Loss: 107.6312 	 Test MAE: 8.0840
Fold: 5 	 Test r2: 0.8455 	 Test Loss: 209.6215 	 Test MAE: 9.1878
Final avg. r2:  0.8495132405044219
Final avg. MSE: 167.69364653299345
Final avg. MAE: 8.694784232548304
R2: 0.8495132405044219 +- 0.0
MAE: 8.694784232548304 +- 0.0
