Fold: 1 	 Test r2: 0.7747 	 Test Loss: 192.3242 	 Test MAE: 10.3737
Fold: 2 	 Test r2: 0.9525 	 Test Loss: 79.5874 	 Test MAE: 6.7550
Fold: 3 	 Test r2: 0.9035 	 Test Loss: 121.6614 	 Test MAE: 8.9218
Fold: 4 	 Test r2: 0.7946 	 Test Loss: 195.0514 	 Test MAE: 9.4608
Fold: 5 	 Test r2: 0.9625 	 Test Loss: 84.8570 	 Test MAE: 6.7750
Final avg. r2:  0.8775827443960267
Final avg. MSE: 134.69626912719121
Final avg. MAE: 8.457254089627948
R2: 0.8775827443960267 +- 0.0
MAE: 8.457254089627948 +- 0.0
