Fold: 1 	 Test r2: 0.9401 	 Test Loss: 79.6729 	 Test MAE: 7.4858
Fold: 2 	 Test r2: 0.9406 	 Test Loss: 75.9301 	 Test MAE: 6.8414
Fold: 3 	 Test r2: 0.8985 	 Test Loss: 170.8736 	 Test MAE: 10.2205
Fold: 4 	 Test r2: 0.8446 	 Test Loss: 241.6223 	 Test MAE: 9.1125
Fold: 5 	 Test r2: 0.8737 	 Test Loss: 143.5609 	 Test MAE: 7.5993
Final avg. r2:  0.8995035512212443
Final avg. MSE: 142.3319578666129
Final avg. MAE: 8.251913751306988
R2: 0.8995035512212443 +- 0.0
MAE: 8.251913751306988 +- 0.0
