Fold: 1 	 Test r2: 0.8738 	 Test Loss: 191.6308 	 Test MAE: 10.2216
Fold: 2 	 Test r2: 0.9532 	 Test Loss: 74.8138 	 Test MAE: 6.4849
Fold: 3 	 Test r2: 0.8555 	 Test Loss: 112.9940 	 Test MAE: 7.8230
Fold: 4 	 Test r2: 0.9040 	 Test Loss: 168.7219 	 Test MAE: 9.1505
Fold: 5 	 Test r2: 0.9271 	 Test Loss: 94.7736 	 Test MAE: 7.3459
Final avg. r2:  0.9027413244542624
Final avg. MSE: 128.58684403547073
Final avg. MAE: 8.205192404133934
R2: 0.9027413244542624 +- 0.0
MAE: 8.205192404133934 +- 0.0
