Fold: 1 	 Test r2: 0.8819 	 Test Loss: 151.1604 	 Test MAE: 10.2227
Fold: 2 	 Test r2: 0.9047 	 Test Loss: 159.8509 	 Test MAE: 9.2821
Fold: 3 	 Test r2: 0.9029 	 Test Loss: 112.7200 	 Test MAE: 8.6174
Fold: 4 	 Test r2: 0.9219 	 Test Loss: 124.2324 	 Test MAE: 8.4787
Fold: 5 	 Test r2: 0.9131 	 Test Loss: 120.4025 	 Test MAE: 7.4530
Final avg. r2:  0.9049038403804308
Final avg. MSE: 133.67323616951916
Final avg. MAE: 8.810778379724137
R2: 0.9049038403804308 +- 0.0
MAE: 8.810778379724137 +- 0.0
