Fold: 1 	 Test r2: 0.8215 	 Test Loss: 323.2308 	 Test MAE: 11.2099
Fold: 2 	 Test r2: 0.8593 	 Test Loss: 114.4304 	 Test MAE: 8.1917
Fold: 3 	 Test r2: 0.9094 	 Test Loss: 149.5882 	 Test MAE: 10.1622
Fold: 4 	 Test r2: 0.8794 	 Test Loss: 143.9837 	 Test MAE: 8.6553
Fold: 5 	 Test r2: 0.8456 	 Test Loss: 210.0481 	 Test MAE: 9.9612
Final avg. r2:  0.8630618868062534
Final avg. MSE: 188.25625006465754
Final avg. MAE: 9.63606752270744
R2: 0.8630618868062534 +- 0.0
MAE: 9.63606752270744 +- 0.0
