Fold: 1 	 Test r2: 0.8830 	 Test Loss: 140.3555 	 Test MAE: 9.0778
Fold: 2 	 Test r2: 0.9465 	 Test Loss: 104.4903 	 Test MAE: 8.0467
Fold: 3 	 Test r2: 0.6762 	 Test Loss: 425.7291 	 Test MAE: 13.3311
Fold: 4 	 Test r2: 0.8951 	 Test Loss: 176.3001 	 Test MAE: 9.3281
Fold: 5 	 Test r2: 0.8701 	 Test Loss: 126.6015 	 Test MAE: 7.3871
Final avg. r2:  0.8541782411592085
Final avg. MSE: 194.6952979834495
Final avg. MAE: 9.43415230512619
R2: 0.8541782411592085 +- 0.0
MAE: 9.43415230512619 +- 0.0
