Fold: 1 	 Test r2: 0.9224 	 Test Loss: 112.6104 	 Test MAE: 8.2320
Fold: 2 	 Test r2: 0.9170 	 Test Loss: 110.5630 	 Test MAE: 7.6605
Fold: 3 	 Test r2: 0.9312 	 Test Loss: 139.2042 	 Test MAE: 7.8564
Fold: 4 	 Test r2: 0.9397 	 Test Loss: 87.5210 	 Test MAE: 6.6966
Fold: 5 	 Test r2: 0.8458 	 Test Loss: 123.0725 	 Test MAE: 7.2240
Final avg. r2:  0.9112269170843861
Final avg. MSE: 114.59422640464257
Final avg. MAE: 7.533927741504852
R2: 0.9112269170843861 +- 0.0
MAE: 7.533927741504852 +- 0.0
