Fold: 1 	 Test r2: 0.8570 	 Test Loss: 209.1208 	 Test MAE: 9.8067
Fold: 2 	 Test r2: 0.8944 	 Test Loss: 155.9002 	 Test MAE: 8.9019
Fold: 3 	 Test r2: 0.9316 	 Test Loss: 110.2387 	 Test MAE: 7.8560
Fold: 4 	 Test r2: 0.8680 	 Test Loss: 127.2251 	 Test MAE: 8.2540
Fold: 5 	 Test r2: 0.8712 	 Test Loss: 190.3504 	 Test MAE: 11.2111
Final avg. r2:  0.8844217725994529
Final avg. MSE: 158.56703984575435
Final avg. MAE: 9.205932576173828
R2: 0.8844217725994529 +- 0.0
MAE: 9.205932576173828 +- 0.0
