Fold: 1 	 Test r2: 0.8823 	 Test Loss: 228.9494 	 Test MAE: 10.2503
Fold: 2 	 Test r2: 0.9016 	 Test Loss: 106.7756 	 Test MAE: 7.1548
Fold: 3 	 Test r2: 0.8380 	 Test Loss: 213.8840 	 Test MAE: 10.0630
Fold: 4 	 Test r2: 0.9053 	 Test Loss: 127.5426 	 Test MAE: 8.2072
Fold: 5 	 Test r2: 0.8578 	 Test Loss: 194.2769 	 Test MAE: 9.3559
Final avg. r2:  0.8769937775293812
Final avg. MSE: 174.28568161544985
Final avg. MAE: 9.006242312774772
R2: 0.8769937775293812 +- 0.0
MAE: 9.006242312774772 +- 0.0
