Fold: 1 	 Test r2: 0.8582 	 Test Loss: 198.5745 	 Test MAE: 11.4825
Fold: 2 	 Test r2: 0.8586 	 Test Loss: 151.2829 	 Test MAE: 9.2071
Fold: 3 	 Test r2: 0.8457 	 Test Loss: 176.2725 	 Test MAE: 8.9923
Fold: 4 	 Test r2: 0.9081 	 Test Loss: 156.4658 	 Test MAE: 7.9474
Fold: 5 	 Test r2: 0.8755 	 Test Loss: 221.9263 	 Test MAE: 9.6375
Final avg. r2:  0.8692248981216277
Final avg. MSE: 180.90439799470516
Final avg. MAE: 9.453335826595625
R2: 0.8692248981216277 +- 0.0
MAE: 9.453335826595625 +- 0.0
