Fold: 1 	 Test r2: 0.8516 	 Test Loss: 296.1984 	 Test MAE: 10.8466
Fold: 2 	 Test r2: 0.7788 	 Test Loss: 170.7688 	 Test MAE: 10.2507
Fold: 3 	 Test r2: 0.9237 	 Test Loss: 112.0340 	 Test MAE: 7.8174
Fold: 4 	 Test r2: 0.9384 	 Test Loss: 76.9868 	 Test MAE: 7.0010
Fold: 5 	 Test r2: 0.9036 	 Test Loss: 123.7285 	 Test MAE: 7.5671
Final avg. r2:  0.8792331355707536
Final avg. MSE: 155.943287440851
Final avg. MAE: 8.696560227303276
R2: 0.8792331355707536 +- 0.0
MAE: 8.696560227303276 +- 0.0
