Fold: 1 	 Test r2: 0.9498 	 Test Loss: 62.2454 	 Test MAE: 6.3613
Fold: 2 	 Test r2: 0.8821 	 Test Loss: 205.7941 	 Test MAE: 9.2216
Fold: 3 	 Test r2: 0.9095 	 Test Loss: 124.1295 	 Test MAE: 7.8571
Fold: 4 	 Test r2: 0.9179 	 Test Loss: 84.3069 	 Test MAE: 7.1151
Fold: 5 	 Test r2: 0.9176 	 Test Loss: 133.6384 	 Test MAE: 7.6903
Final avg. r2:  0.9153775816950942
Final avg. MSE: 122.02287561815865
Final avg. MAE: 7.649077528998966
R2: 0.9153775816950942 +- 0.0
MAE: 7.649077528998966 +- 0.0
