Fold: 1 	 Test r2: 0.9301 	 Test Loss: 146.6169 	 Test MAE: 9.0191
Fold: 2 	 Test r2: 0.8629 	 Test Loss: 122.5061 	 Test MAE: 8.1731
Fold: 3 	 Test r2: 0.8810 	 Test Loss: 144.3529 	 Test MAE: 8.2696
Fold: 4 	 Test r2: 0.8259 	 Test Loss: 233.4316 	 Test MAE: 8.8970
Fold: 5 	 Test r2: 0.8731 	 Test Loss: 170.9918 	 Test MAE: 9.5539
Final avg. r2:  0.874589938997269
Final avg. MSE: 163.5798711259249
Final avg. MAE: 8.782551194319414
R2: 0.874589938997269 +- 0.0
MAE: 8.782551194319414 +- 0.0
