Fold: 1 	 Test r2: 0.9247 	 Test Loss: 95.2735 	 Test MAE: 7.8113
Fold: 2 	 Test r2: 0.8151 	 Test Loss: 226.7858 	 Test MAE: 10.6887
Fold: 3 	 Test r2: 0.8897 	 Test Loss: 121.6996 	 Test MAE: 8.9847
Fold: 4 	 Test r2: 0.9174 	 Test Loss: 174.9245 	 Test MAE: 8.5917
Fold: 5 	 Test r2: 0.9170 	 Test Loss: 107.9473 	 Test MAE: 8.3329
Final avg. r2:  0.8927768467698918
Final avg. MSE: 145.32613725478254
Final avg. MAE: 8.881875562454972
R2: 0.8927768467698918 +- 0.0
MAE: 8.881875562454972 +- 0.0
