Fold: 1 	 Test r2: 0.9320 	 Test Loss: 75.7896 	 Test MAE: 7.0317
Fold: 2 	 Test r2: 0.7784 	 Test Loss: 232.5894 	 Test MAE: 10.4671
Fold: 3 	 Test r2: 0.8271 	 Test Loss: 262.9901 	 Test MAE: 11.2882
Fold: 4 	 Test r2: 0.8238 	 Test Loss: 278.3585 	 Test MAE: 12.1812
Fold: 5 	 Test r2: 0.7726 	 Test Loss: 387.3973 	 Test MAE: 14.1938
Final avg. r2:  0.8267957859342969
Final avg. MSE: 247.42498781956812
Final avg. MAE: 11.032397126016162
R2: 0.8267957859342969 +- 0.0
MAE: 11.032397126016162 +- 0.0
