Fold: 1 	 Test r2: 0.8136 	 Test Loss: 360.1824 	 Test MAE: 10.6102
Fold: 2 	 Test r2: 0.8147 	 Test Loss: 231.1619 	 Test MAE: 9.8965
Fold: 3 	 Test r2: 0.8686 	 Test Loss: 130.6657 	 Test MAE: 7.4251
Fold: 4 	 Test r2: 0.8998 	 Test Loss: 146.7974 	 Test MAE: 8.5294
Fold: 5 	 Test r2: 0.9080 	 Test Loss: 127.8117 	 Test MAE: 9.0513
Final avg. r2:  0.8609323822118441
Final avg. MSE: 199.3238293756142
Final avg. MAE: 9.102503425450552
R2: 0.8609323822118441 +- 0.0
MAE: 9.102503425450552 +- 0.0
