Fold: 1 	 Test r2: 0.9470 	 Test Loss: 58.8609 	 Test MAE: 5.8769
Fold: 2 	 Test r2: 0.8122 	 Test Loss: 209.7473 	 Test MAE: 11.0516
Fold: 3 	 Test r2: 0.9434 	 Test Loss: 97.3563 	 Test MAE: 7.5635
Fold: 4 	 Test r2: 0.9367 	 Test Loss: 94.2139 	 Test MAE: 7.0326
Fold: 5 	 Test r2: 0.8787 	 Test Loss: 189.1395 	 Test MAE: 8.6249
Final avg. r2:  0.9035833415254985
Final avg. MSE: 129.86360265797111
Final avg. MAE: 8.029908401483581
R2: 0.9035833415254985 +- 0.0
MAE: 8.029908401483581 +- 0.0
