Fold: 1 	 Test r2: 0.9233 	 Test Loss: 111.7597 	 Test MAE: 7.5566
Fold: 2 	 Test r2: 0.7907 	 Test Loss: 197.6889 	 Test MAE: 9.4924
Fold: 3 	 Test r2: 0.9129 	 Test Loss: 186.3912 	 Test MAE: 9.2931
Fold: 4 	 Test r2: 0.7671 	 Test Loss: 241.0362 	 Test MAE: 11.1469
Fold: 5 	 Test r2: 0.9020 	 Test Loss: 133.3430 	 Test MAE: 8.8117
Final avg. r2:  0.8592014233643926
Final avg. MSE: 174.04379723825082
Final avg. MAE: 9.260138503142766
R2: 0.8592014233643926 +- 0.0
MAE: 9.260138503142766 +- 0.0
