Fold: 1 	 Test r2: 0.8332 	 Test Loss: 247.0382 	 Test MAE: 12.0443
Fold: 2 	 Test r2: 0.8028 	 Test Loss: 187.1404 	 Test MAE: 9.3850
Fold: 3 	 Test r2: 0.8530 	 Test Loss: 281.2539 	 Test MAE: 12.4612
Fold: 4 	 Test r2: 0.9420 	 Test Loss: 86.6466 	 Test MAE: 7.1732
Fold: 5 	 Test r2: 0.9147 	 Test Loss: 89.2624 	 Test MAE: 7.3015
Final avg. r2:  0.8691424035733026
Final avg. MSE: 178.26830401740506
Final avg. MAE: 9.67303408185641
R2: 0.8691424035733026 +- 0.0
MAE: 9.67303408185641 +- 0.0
