Fold: 1 	 Test r2: 0.8701 	 Test Loss: 251.7576 	 Test MAE: 11.6345
Fold: 2 	 Test r2: 0.9046 	 Test Loss: 120.2938 	 Test MAE: 8.3640
Fold: 3 	 Test r2: 0.8927 	 Test Loss: 149.7367 	 Test MAE: 8.3358
Fold: 4 	 Test r2: 0.8818 	 Test Loss: 109.8217 	 Test MAE: 8.1345
Fold: 5 	 Test r2: 0.8492 	 Test Loss: 238.5705 	 Test MAE: 11.5763
Final avg. r2:  0.879677100672201
Final avg. MSE: 174.03605632498937
Final avg. MAE: 9.609021368374425
R2: 0.879677100672201 +- 0.0
MAE: 9.609021368374425 +- 0.0
