Fold: 1 	 Test r2: 0.8873 	 Test Loss: 142.0900 	 Test MAE: 10.0164
Fold: 2 	 Test r2: 0.8714 	 Test Loss: 160.4117 	 Test MAE: 9.6361
Fold: 3 	 Test r2: 0.6210 	 Test Loss: 395.2697 	 Test MAE: 15.0351
Fold: 4 	 Test r2: 0.5554 	 Test Loss: 633.0499 	 Test MAE: 11.9481
Fold: 5 	 Test r2: 0.9282 	 Test Loss: 132.4575 	 Test MAE: 9.1965
Final avg. r2:  0.7726580484959238
Final avg. MSE: 292.65576213791564
Final avg. MAE: 11.16644837913059
R2: 0.7726580484959238 +- 0.0
MAE: 11.16644837913059 +- 0.0
