Fold: 1 	 Test r2: 0.8543 	 Test Loss: 192.9483 	 Test MAE: 9.1485
Fold: 2 	 Test r2: 0.9427 	 Test Loss: 106.6135 	 Test MAE: 7.6452
Fold: 3 	 Test r2: 0.8663 	 Test Loss: 182.0963 	 Test MAE: 10.8921
Fold: 4 	 Test r2: 0.8372 	 Test Loss: 187.9231 	 Test MAE: 9.4124
Fold: 5 	 Test r2: 0.9301 	 Test Loss: 76.7691 	 Test MAE: 6.8610
Final avg. r2:  0.8861558430505043
Final avg. MSE: 149.27005283044625
Final avg. MAE: 8.791832900189217
R2: 0.8861558430505043 +- 0.0
MAE: 8.791832900189217 +- 0.0
