Fold: 1 	 Test r2: 0.8952 	 Test Loss: 228.3172 	 Test MAE: 11.3167
Fold: 2 	 Test r2: 0.8663 	 Test Loss: 154.3756 	 Test MAE: 7.6746
Fold: 3 	 Test r2: 0.8830 	 Test Loss: 149.7141 	 Test MAE: 8.7040
Fold: 4 	 Test r2: 0.9026 	 Test Loss: 120.6409 	 Test MAE: 8.0332
Fold: 5 	 Test r2: 0.8981 	 Test Loss: 120.0643 	 Test MAE: 7.4352
Final avg. r2:  0.8890423844902354
Final avg. MSE: 154.62240898499505
Final avg. MAE: 8.632732181463924
R2: 0.8890423844902354 +- 0.0
MAE: 8.632732181463924 +- 0.0
