Fold: 1 	 Test r2: 0.8001 	 Test Loss: 306.8826 	 Test MAE: 13.2112
Fold: 2 	 Test r2: 0.9136 	 Test Loss: 111.4701 	 Test MAE: 7.7871
Fold: 3 	 Test r2: 0.9327 	 Test Loss: 85.0364 	 Test MAE: 6.8769
Fold: 4 	 Test r2: 0.8542 	 Test Loss: 239.5362 	 Test MAE: 10.7339
Fold: 5 	 Test r2: 0.7691 	 Test Loss: 259.6428 	 Test MAE: 11.2131
Final avg. r2:  0.8539336601036854
Final avg. MSE: 200.5136166291624
Final avg. MAE: 9.96443747395561
R2: 0.8539336601036854 +- 0.0
MAE: 9.96443747395561 +- 0.0
