Fold: 1 	 Test r2: 0.9130 	 Test Loss: 149.7559 	 Test MAE: 7.6748
Fold: 2 	 Test r2: 0.9181 	 Test Loss: 100.1132 	 Test MAE: 7.0261
Fold: 3 	 Test r2: 0.8661 	 Test Loss: 176.2337 	 Test MAE: 9.7810
Fold: 4 	 Test r2: 0.8655 	 Test Loss: 161.6366 	 Test MAE: 9.1193
Fold: 5 	 Test r2: 0.8818 	 Test Loss: 189.5126 	 Test MAE: 8.7479
Final avg. r2:  0.8888799363669054
Final avg. MSE: 155.45039574443527
Final avg. MAE: 8.469805287179494
R2: 0.8888799363669054 +- 0.0
MAE: 8.469805287179494 +- 0.0
