Fold: 1 	 Test r2: 0.8673 	 Test Loss: 206.5313 	 Test MAE: 9.8477
Fold: 2 	 Test r2: 0.8711 	 Test Loss: 207.7134 	 Test MAE: 9.6797
Fold: 3 	 Test r2: 0.9483 	 Test Loss: 81.3556 	 Test MAE: 6.9390
Fold: 4 	 Test r2: 0.8730 	 Test Loss: 141.4944 	 Test MAE: 8.5273
Fold: 5 	 Test r2: 0.9111 	 Test Loss: 110.4509 	 Test MAE: 7.8986
Final avg. r2:  0.8941526080802745
Final avg. MSE: 149.5091327299477
Final avg. MAE: 8.578490096330643
R2: 0.8941526080802745 +- 0.0
MAE: 8.578490096330643 +- 0.0
