Fold: 1 	 Test r2: 0.8395 	 Test Loss: 215.9745 	 Test MAE: 11.1994
Fold: 2 	 Test r2: 0.8544 	 Test Loss: 271.3112 	 Test MAE: 10.7430
Fold: 3 	 Test r2: 0.8912 	 Test Loss: 132.2783 	 Test MAE: 8.7069
Fold: 4 	 Test r2: 0.9346 	 Test Loss: 96.4061 	 Test MAE: 7.8507
Fold: 5 	 Test r2: 0.8732 	 Test Loss: 111.5863 	 Test MAE: 7.4841
Final avg. r2:  0.8785655364057812
Final avg. MSE: 165.5113008821948
Final avg. MAE: 9.196822286787487
R2: 0.8785655364057812 +- 0.0
MAE: 9.196822286787487 +- 0.0
