Fold: 1 	 Test r2: 0.9076 	 Test Loss: 139.0197 	 Test MAE: 8.9175
Fold: 2 	 Test r2: 0.9036 	 Test Loss: 133.7387 	 Test MAE: 8.3204
Fold: 3 	 Test r2: 0.9171 	 Test Loss: 144.6831 	 Test MAE: 8.9313
Fold: 4 	 Test r2: 0.9041 	 Test Loss: 120.9204 	 Test MAE: 7.9312
Fold: 5 	 Test r2: 0.8739 	 Test Loss: 146.7113 	 Test MAE: 8.3338
Final avg. r2:  0.9012863630850813
Final avg. MSE: 137.0146392918354
Final avg. MAE: 8.48683839937051
R2: 0.9012863630850813 +- 0.0
MAE: 8.48683839937051 +- 0.0
