Fold: 1 	 Test r2: 0.8739 	 Test Loss: 187.4795 	 Test MAE: 10.0440
Fold: 2 	 Test r2: 0.7618 	 Test Loss: 442.6663 	 Test MAE: 13.0194
Fold: 3 	 Test r2: 0.8581 	 Test Loss: 138.6087 	 Test MAE: 9.3626
Fold: 4 	 Test r2: 0.9362 	 Test Loss: 83.9317 	 Test MAE: 7.1170
Fold: 5 	 Test r2: 0.8228 	 Test Loss: 210.5265 	 Test MAE: 10.8163
Final avg. r2:  0.850556111250601
Final avg. MSE: 212.64256736592543
Final avg. MAE: 10.071865823155358
R2: 0.850556111250601 +- 0.0
MAE: 10.071865823155358 +- 0.0
