Fold: 1 	 Test r2: 0.8211 	 Test Loss: 273.7018 	 Test MAE: 9.8302
Fold: 2 	 Test r2: 0.9432 	 Test Loss: 98.8843 	 Test MAE: 7.3264
Fold: 3 	 Test r2: 0.8337 	 Test Loss: 242.2225 	 Test MAE: 10.4790
Fold: 4 	 Test r2: 0.8731 	 Test Loss: 156.0928 	 Test MAE: 9.7081
Fold: 5 	 Test r2: 0.9284 	 Test Loss: 78.5717 	 Test MAE: 6.6750
Final avg. r2:  0.8798988851432876
Final avg. MSE: 169.89463070918364
Final avg. MAE: 8.803722564379374
R2: 0.8798988851432876 +- 0.0
MAE: 8.803722564379374 +- 0.0
