Fold: 1 	 Test r2: 0.8665 	 Test Loss: 165.9655 	 Test MAE: 9.4056
Fold: 2 	 Test r2: 0.9230 	 Test Loss: 115.9066 	 Test MAE: 8.2000
Fold: 3 	 Test r2: 0.8411 	 Test Loss: 242.4914 	 Test MAE: 12.8938
Fold: 4 	 Test r2: 0.9136 	 Test Loss: 183.7799 	 Test MAE: 8.6018
Fold: 5 	 Test r2: 0.7283 	 Test Loss: 166.1999 	 Test MAE: 8.6722
Final avg. r2:  0.8545180073719381
Final avg. MSE: 174.86866761939933
Final avg. MAE: 9.554663293134599
R2: 0.8545180073719381 +- 0.0
MAE: 9.554663293134599 +- 0.0
