Fold: 1 	 Test r2: 0.9333 	 Test Loss: 156.1179 	 Test MAE: 9.4938
Fold: 2 	 Test r2: 0.8733 	 Test Loss: 138.9322 	 Test MAE: 9.1516
Fold: 3 	 Test r2: 0.9058 	 Test Loss: 96.9909 	 Test MAE: 7.3777
Fold: 4 	 Test r2: 0.8793 	 Test Loss: 143.0139 	 Test MAE: 8.7350
Fold: 5 	 Test r2: 0.7696 	 Test Loss: 326.6341 	 Test MAE: 13.4547
Final avg. r2:  0.8722551199625854
Final avg. MSE: 172.337803495865
Final avg. MAE: 9.642576533287675
R2: 0.8722551199625854 +- 0.0
MAE: 9.642576533287675 +- 0.0
