Fold: 1 	 Test r2: 0.8929 	 Test Loss: 141.1403 	 Test MAE: 9.2893
Fold: 2 	 Test r2: 0.9349 	 Test Loss: 83.0397 	 Test MAE: 6.1296
Fold: 3 	 Test r2: 0.9265 	 Test Loss: 90.0672 	 Test MAE: 7.3123
Fold: 4 	 Test r2: 0.8869 	 Test Loss: 215.5638 	 Test MAE: 8.5846
Fold: 5 	 Test r2: 0.7912 	 Test Loss: 262.0652 	 Test MAE: 10.7271
Final avg. r2:  0.8864681317169802
Final avg. MSE: 158.37524358599586
Final avg. MAE: 8.408590767497108
R2: 0.8864681317169802 +- 0.0
MAE: 8.408590767497108 +- 0.0
