Fold: 1 	 Test r2: 0.9358 	 Test Loss: 75.6241 	 Test MAE: 6.2859
Fold: 2 	 Test r2: 0.8422 	 Test Loss: 312.9235 	 Test MAE: 11.2788
Fold: 3 	 Test r2: 0.8907 	 Test Loss: 104.4133 	 Test MAE: 7.8631
Fold: 4 	 Test r2: 0.9489 	 Test Loss: 98.7119 	 Test MAE: 7.7658
Fold: 5 	 Test r2: 0.8781 	 Test Loss: 120.2402 	 Test MAE: 7.3843
Final avg. r2:  0.8991293913479982
Final avg. MSE: 142.38259646321072
Final avg. MAE: 8.115581421625047
R2: 0.8991293913479982 +- 0.0
MAE: 8.115581421625047 +- 0.0
