Fold: 1 	 Test r2: 0.9500 	 Test Loss: 85.7250 	 Test MAE: 6.6018
Fold: 2 	 Test r2: 0.8203 	 Test Loss: 247.1536 	 Test MAE: 12.9737
Fold: 3 	 Test r2: 0.8269 	 Test Loss: 228.8007 	 Test MAE: 10.0286
Fold: 4 	 Test r2: 0.9494 	 Test Loss: 85.5888 	 Test MAE: 6.9913
Fold: 5 	 Test r2: 0.8121 	 Test Loss: 133.4571 	 Test MAE: 8.6090
Final avg. r2:  0.8717144833209056
Final avg. MSE: 156.14505151428926
Final avg. MAE: 9.040893155052549
R2: 0.8717144833209056 +- 0.0
MAE: 9.040893155052549 +- 0.0
