Fold: 1 	 Test r2: 0.5576 	 Test Loss: 0.0373 	 Test MAE: 0.1129
Fold: 2 	 Test r2: 0.7507 	 Test Loss: 0.0095 	 Test MAE: 0.0708
Fold: 3 	 Test r2: 0.7822 	 Test Loss: 0.0071 	 Test MAE: 0.0615
Fold: 4 	 Test r2: 0.6534 	 Test Loss: 0.0138 	 Test MAE: 0.0756
Fold: 5 	 Test r2: 0.6063 	 Test Loss: 0.0144 	 Test MAE: 0.0737
Final avg. r2:  0.6700276109491021
Final avg. MSE: 0.016431678380810437
Final avg. MAE: 0.07892370952267935
R2: 0.6700276109491021 +- 0.0
MAE: 0.07892370952267935 +- 0.0
