Fold: 1 	 Test r2: 0.7591 	 Test Loss: 0.0076 	 Test MAE: 0.0652
Fold: 2 	 Test r2: 0.6801 	 Test Loss: 0.0181 	 Test MAE: 0.0971
Fold: 3 	 Test r2: 0.6044 	 Test Loss: 0.0154 	 Test MAE: 0.0815
Fold: 4 	 Test r2: 0.5271 	 Test Loss: 0.0297 	 Test MAE: 0.1019
Fold: 5 	 Test r2: -0.2865 	 Test Loss: 0.0568 	 Test MAE: 0.1330
Final avg. r2:  0.45684073016211124
Final avg. MSE: 0.025508668892111962
Final avg. MAE: 0.09575137352494864
R2: 0.45684073016211124 +- 0.0
MAE: 0.09575137352494864 +- 0.0
