Fold: 1 	 Test r2: 0.5773 	 Test Loss: 0.0188 	 Test MAE: 0.0931
Fold: 2 	 Test r2: 0.5965 	 Test Loss: 0.0201 	 Test MAE: 0.0919
Fold: 3 	 Test r2: 0.6763 	 Test Loss: 0.0067 	 Test MAE: 0.0651
Fold: 4 	 Test r2: 0.5597 	 Test Loss: 0.0136 	 Test MAE: 0.0921
Fold: 5 	 Test r2: 0.6298 	 Test Loss: 0.0295 	 Test MAE: 0.1003
Final avg. r2:  0.6079135973344749
Final avg. MSE: 0.017743533692211582
Final avg. MAE: 0.08846940995149669
R2: 0.6079135973344749 +- 0.0
MAE: 0.08846940995149669 +- 0.0
