Fold: 1 	 Test r2: 0.8445 	 Test Loss: 0.0075 	 Test MAE: 0.0598
Fold: 2 	 Test r2: 0.5826 	 Test Loss: 0.0240 	 Test MAE: 0.0777
Fold: 3 	 Test r2: 0.4812 	 Test Loss: 0.0135 	 Test MAE: 0.0762
Fold: 4 	 Test r2: 0.6826 	 Test Loss: 0.0154 	 Test MAE: 0.0965
Fold: 5 	 Test r2: 0.7535 	 Test Loss: 0.0128 	 Test MAE: 0.0723
Final avg. r2:  0.6688803493245893
Final avg. MSE: 0.014660257505058043
Final avg. MAE: 0.07648879254211474
R2: 0.6688803493245893 +- 0.0
MAE: 0.07648879254211474 +- 0.0
