Fold: 1 	 Test r2: 0.7549 	 Test Loss: 0.0096 	 Test MAE: 0.0701
Fold: 2 	 Test r2: 0.8353 	 Test Loss: 0.0072 	 Test MAE: 0.0645
Fold: 3 	 Test r2: 0.6472 	 Test Loss: 0.0145 	 Test MAE: 0.0793
Fold: 4 	 Test r2: 0.7184 	 Test Loss: 0.0094 	 Test MAE: 0.0616
Fold: 5 	 Test r2: 0.6762 	 Test Loss: 0.0243 	 Test MAE: 0.0836
Final avg. r2:  0.7263962033780917
Final avg. MSE: 0.012988705289779199
Final avg. MAE: 0.07184392587870966
R2: 0.7263962033780917 +- 0.0
MAE: 0.07184392587870966 +- 0.0
