Fold: 1 	 Test r2: 0.8329 	 Test Loss: 0.0092 	 Test MAE: 0.0722
Fold: 2 	 Test r2: 0.7833 	 Test Loss: 0.0073 	 Test MAE: 0.0579
Fold: 3 	 Test r2: 0.6387 	 Test Loss: 0.0239 	 Test MAE: 0.0948
Fold: 4 	 Test r2: 0.7890 	 Test Loss: 0.0083 	 Test MAE: 0.0557
Fold: 5 	 Test r2: 0.5575 	 Test Loss: 0.0177 	 Test MAE: 0.0847
Final avg. r2:  0.720273549937452
Final avg. MSE: 0.013293943664325292
Final avg. MAE: 0.07305485129508436
R2: 0.720273549937452 +- 0.0
MAE: 0.07305485129508436 +- 0.0
