Fold: 1 	 Test r2: 0.5127 	 Test Loss: 0.0162 	 Test MAE: 0.0912
Fold: 2 	 Test r2: 0.6738 	 Test Loss: 0.0248 	 Test MAE: 0.0850
Fold: 3 	 Test r2: 0.3453 	 Test Loss: 0.0239 	 Test MAE: 0.1027
Fold: 4 	 Test r2: 0.7163 	 Test Loss: 0.0127 	 Test MAE: 0.0883
Fold: 5 	 Test r2: 0.6710 	 Test Loss: 0.0148 	 Test MAE: 0.0949
Final avg. r2:  0.5838211778560313
Final avg. MSE: 0.018472504880758946
Final avg. MAE: 0.09240598237826204
R2: 0.5838211778560313 +- 0.0
MAE: 0.09240598237826204 +- 0.0
