Fold: 1 	 Test r2: 0.7199 	 Test Loss: 0.0126 	 Test MAE: 0.0673
Fold: 2 	 Test r2: 0.6650 	 Test Loss: 0.0122 	 Test MAE: 0.0744
Fold: 3 	 Test r2: 0.8287 	 Test Loss: 0.0094 	 Test MAE: 0.0732
Fold: 4 	 Test r2: 0.6026 	 Test Loss: 0.0163 	 Test MAE: 0.0822
Fold: 5 	 Test r2: 0.7613 	 Test Loss: 0.0140 	 Test MAE: 0.0824
Final avg. r2:  0.7154876108558448
Final avg. MSE: 0.012884906184314236
Final avg. MAE: 0.07589047879525491
R2: 0.7154876108558448 +- 0.0
MAE: 0.07589047879525491 +- 0.0
