Fold: 1 	 Test r2: 0.5865 	 Test Loss: 0.0131 	 Test MAE: 0.0806
Fold: 2 	 Test r2: 0.7209 	 Test Loss: 0.0097 	 Test MAE: 0.0759
Fold: 3 	 Test r2: 0.6122 	 Test Loss: 0.0273 	 Test MAE: 0.0902
Fold: 4 	 Test r2: 0.5722 	 Test Loss: 0.0180 	 Test MAE: 0.0873
Fold: 5 	 Test r2: 0.7728 	 Test Loss: 0.0124 	 Test MAE: 0.0724
Final avg. r2:  0.6529230053214791
Final avg. MSE: 0.016104508599617463
Final avg. MAE: 0.08127969117949203
R2: 0.6529230053214791 +- 0.0
MAE: 0.08127969117949203 +- 0.0
