Fold: 1 	 Test r2: 0.7407 	 Test Loss: 0.0093 	 Test MAE: 0.0656
Fold: 2 	 Test r2: 0.8777 	 Test Loss: 0.0075 	 Test MAE: 0.0663
Fold: 3 	 Test r2: 0.7840 	 Test Loss: 0.0126 	 Test MAE: 0.0685
Fold: 4 	 Test r2: 0.5844 	 Test Loss: 0.0192 	 Test MAE: 0.0952
Fold: 5 	 Test r2: 0.5642 	 Test Loss: 0.0142 	 Test MAE: 0.0789
Final avg. r2:  0.7102104966883879
Final avg. MSE: 0.012549516330406157
Final avg. MAE: 0.07490768783985555
R2: 0.7102104966883879 +- 0.0
MAE: 0.07490768783985555 +- 0.0
