Fold: 1 	 Test r2: 0.4175 	 Test Loss: 0.0181 	 Test MAE: 0.0857
Fold: 2 	 Test r2: 0.6631 	 Test Loss: 0.0126 	 Test MAE: 0.0744
Fold: 3 	 Test r2: 0.7818 	 Test Loss: 0.0166 	 Test MAE: 0.0706
Fold: 4 	 Test r2: 0.7113 	 Test Loss: 0.0121 	 Test MAE: 0.0718
Fold: 5 	 Test r2: 0.8149 	 Test Loss: 0.0089 	 Test MAE: 0.0709
Final avg. r2:  0.6777285906956735
Final avg. MSE: 0.013678317360337686
Final avg. MAE: 0.07469205296706079
R2: 0.6777285906956735 +- 0.0
MAE: 0.07469205296706079 +- 0.0
