Fold: 1 	 Test r2: 0.5087 	 Test Loss: 0.0372 	 Test MAE: 0.1156
Fold: 2 	 Test r2: 0.7524 	 Test Loss: 0.0117 	 Test MAE: 0.0770
Fold: 3 	 Test r2: 0.7494 	 Test Loss: 0.0068 	 Test MAE: 0.0618
Fold: 4 	 Test r2: 0.6677 	 Test Loss: 0.0125 	 Test MAE: 0.0802
Fold: 5 	 Test r2: 0.7081 	 Test Loss: 0.0115 	 Test MAE: 0.0749
Final avg. r2:  0.6772596735286587
Final avg. MSE: 0.015941584816978577
Final avg. MAE: 0.08190811816793012
R2: 0.6772596735286587 +- 0.0
MAE: 0.08190811816793012 +- 0.0
