Fold: 1 	 Test r2: 0.8403 	 Test Loss: 0.0075 	 Test MAE: 0.0605
Fold: 2 	 Test r2: 0.6594 	 Test Loss: 0.0135 	 Test MAE: 0.0802
Fold: 3 	 Test r2: 0.6745 	 Test Loss: 0.0211 	 Test MAE: 0.0728
Fold: 4 	 Test r2: 0.6575 	 Test Loss: 0.0116 	 Test MAE: 0.0702
Fold: 5 	 Test r2: 0.7719 	 Test Loss: 0.0112 	 Test MAE: 0.0819
Final avg. r2:  0.7207386326087143
Final avg. MSE: 0.01294996527754771
Final avg. MAE: 0.0731458902143601
R2: 0.7207386326087143 +- 0.0
MAE: 0.0731458902143601 +- 0.0
