Fold: 1 	 Test r2: 0.6214 	 Test Loss: 0.0274 	 Test MAE: 0.1088
Fold: 2 	 Test r2: 0.4671 	 Test Loss: 0.0151 	 Test MAE: 0.0866
Fold: 3 	 Test r2: 0.6500 	 Test Loss: 0.0137 	 Test MAE: 0.0947
Fold: 4 	 Test r2: 0.7304 	 Test Loss: 0.0111 	 Test MAE: 0.0801
Fold: 5 	 Test r2: 0.6221 	 Test Loss: 0.0187 	 Test MAE: 0.0953
Final avg. r2:  0.6182022156817777
Final avg. MSE: 0.017197869334083994
Final avg. MAE: 0.09309787418325843
R2: 0.6182022156817777 +- 0.0
MAE: 0.09309787418325843 +- 0.0
