Fold: 1 	 Test r2: 0.8820 	 Test Loss: 0.0059 	 Test MAE: 0.0592
Fold: 2 	 Test r2: 0.6018 	 Test Loss: 0.0121 	 Test MAE: 0.0629
Fold: 3 	 Test r2: 0.6278 	 Test Loss: 0.0113 	 Test MAE: 0.0763
Fold: 4 	 Test r2: 0.7250 	 Test Loss: 0.0089 	 Test MAE: 0.0696
Fold: 5 	 Test r2: 0.7285 	 Test Loss: 0.0228 	 Test MAE: 0.0937
Final avg. r2:  0.7130242037498655
Final avg. MSE: 0.012201900364274551
Final avg. MAE: 0.07232758024656752
R2: 0.7130242037498655 +- 0.0
MAE: 0.07232758024656752 +- 0.0
