Fold: 1 	 Test r2: 0.6774 	 Test Loss: 0.0264 	 Test MAE: 0.0936
Fold: 2 	 Test r2: 0.6809 	 Test Loss: 0.0080 	 Test MAE: 0.0702
Fold: 3 	 Test r2: 0.7078 	 Test Loss: 0.0115 	 Test MAE: 0.0771
Fold: 4 	 Test r2: 0.6674 	 Test Loss: 0.0137 	 Test MAE: 0.0796
Fold: 5 	 Test r2: 0.6025 	 Test Loss: 0.0181 	 Test MAE: 0.1009
Final avg. r2:  0.6672085505388361
Final avg. MSE: 0.015536234777618951
Final avg. MAE: 0.08428993399831511
R2: 0.6672085505388361 +- 0.0
MAE: 0.08428993399831511 +- 0.0
