Fold: 1 	 Test r2: 0.5691 	 Test Loss: 0.0163 	 Test MAE: 0.0834
Fold: 2 	 Test r2: 0.7484 	 Test Loss: 0.0125 	 Test MAE: 0.0810
Fold: 3 	 Test r2: 0.5643 	 Test Loss: 0.0278 	 Test MAE: 0.1047
Fold: 4 	 Test r2: 0.7112 	 Test Loss: 0.0133 	 Test MAE: 0.0853
Fold: 5 	 Test r2: 0.6908 	 Test Loss: 0.0116 	 Test MAE: 0.0796
Final avg. r2:  0.6567524895419589
Final avg. MSE: 0.016292295041352208
Final avg. MAE: 0.08683750705007895
R2: 0.6567524895419589 +- 0.0
MAE: 0.08683750705007895 +- 0.0
