Fold: 1 	 Test r2: 0.5600 	 Test Loss: 0.0217 	 Test MAE: 0.1009
Fold: 2 	 Test r2: 0.6441 	 Test Loss: 0.0241 	 Test MAE: 0.0979
Fold: 3 	 Test r2: 0.6782 	 Test Loss: 0.0176 	 Test MAE: 0.0965
Fold: 4 	 Test r2: 0.5349 	 Test Loss: 0.0167 	 Test MAE: 0.0878
Fold: 5 	 Test r2: 0.6106 	 Test Loss: 0.0103 	 Test MAE: 0.0744
Final avg. r2:  0.6055418786600675
Final avg. MSE: 0.018083108325798188
Final avg. MAE: 0.09147810596389834
R2: 0.6055418786600675 +- 0.0
MAE: 0.09147810596389834 +- 0.0
