Fold: 1 	 Test r2: 0.7015 	 Test Loss: 0.0128 	 Test MAE: 0.0782
Fold: 2 	 Test r2: 0.5559 	 Test Loss: 0.0173 	 Test MAE: 0.0912
Fold: 3 	 Test r2: 0.7607 	 Test Loss: 0.0108 	 Test MAE: 0.0833
Fold: 4 	 Test r2: 0.6150 	 Test Loss: 0.0188 	 Test MAE: 0.1042
Fold: 5 	 Test r2: 0.6258 	 Test Loss: 0.0223 	 Test MAE: 0.0903
Final avg. r2:  0.6517931147608123
Final avg. MSE: 0.016394547554445287
Final avg. MAE: 0.08942724189461292
R2: 0.6517931147608123 +- 0.0
MAE: 0.08942724189461292 +- 0.0
