Fold: 1 	 Test r2: 0.6394 	 Test Loss: 0.0280 	 Test MAE: 0.0798
Fold: 2 	 Test r2: 0.6151 	 Test Loss: 0.0119 	 Test MAE: 0.0778
Fold: 3 	 Test r2: 0.6127 	 Test Loss: 0.0177 	 Test MAE: 0.0962
Fold: 4 	 Test r2: 0.6556 	 Test Loss: 0.0148 	 Test MAE: 0.0965
Fold: 5 	 Test r2: 0.4780 	 Test Loss: 0.0165 	 Test MAE: 0.0858
Final avg. r2:  0.600147380068202
Final avg. MSE: 0.01777604866300833
Final avg. MAE: 0.08722290271183566
R2: 0.600147380068202 +- 0.0
MAE: 0.08722290271183566 +- 0.0
