Fold: 1 	 Test r2: 0.5922 	 Test Loss: 0.0138 	 Test MAE: 0.0765
Fold: 2 	 Test r2: 0.7408 	 Test Loss: 0.0232 	 Test MAE: 0.0936
Fold: 3 	 Test r2: 0.7265 	 Test Loss: 0.0122 	 Test MAE: 0.0781
Fold: 4 	 Test r2: 0.6376 	 Test Loss: 0.0094 	 Test MAE: 0.0736
Fold: 5 	 Test r2: 0.6785 	 Test Loss: 0.0099 	 Test MAE: 0.0814
Final avg. r2:  0.6751337206736769
Final avg. MSE: 0.013704263455190371
Final avg. MAE: 0.08063887907445533
R2: 0.6751337206736769 +- 0.0
MAE: 0.08063887907445533 +- 0.0
