Fold: 1 	 Test r2: 0.8407 	 Test Loss: 0.0066 	 Test MAE: 0.0555
Fold: 2 	 Test r2: 0.4784 	 Test Loss: 0.0158 	 Test MAE: 0.0833
Fold: 3 	 Test r2: 0.5304 	 Test Loss: 0.0246 	 Test MAE: 0.0906
Fold: 4 	 Test r2: 0.6005 	 Test Loss: 0.0132 	 Test MAE: 0.0892
Fold: 5 	 Test r2: 0.6805 	 Test Loss: 0.0234 	 Test MAE: 0.0755
Final avg. r2:  0.626114031616938
Final avg. MSE: 0.01671329313815715
Final avg. MAE: 0.07882452565277008
R2: 0.626114031616938 +- 0.0
MAE: 0.07882452565277008 +- 0.0
