Fold: 1 	 Test r2: 0.5992 	 Test Loss: 0.0175 	 Test MAE: 0.0816
Fold: 2 	 Test r2: 0.7071 	 Test Loss: 0.0117 	 Test MAE: 0.0818
Fold: 3 	 Test r2: 0.3585 	 Test Loss: 0.0268 	 Test MAE: 0.1225
Fold: 4 	 Test r2: 0.6942 	 Test Loss: 0.0117 	 Test MAE: 0.0755
Fold: 5 	 Test r2: 0.7245 	 Test Loss: 0.0195 	 Test MAE: 0.0848
Final avg. r2:  0.6167141006806908
Final avg. MSE: 0.017436083776189805
Final avg. MAE: 0.08926136877995973
R2: 0.6167141006806908 +- 0.0
MAE: 0.08926136877995973 +- 0.0
