Fold: 1 	 Test r2: 0.6368 	 Test Loss: 0.0115 	 Test MAE: 0.0795
Fold: 2 	 Test r2: 0.5505 	 Test Loss: 0.0144 	 Test MAE: 0.0861
Fold: 3 	 Test r2: 0.5404 	 Test Loss: 0.0273 	 Test MAE: 0.0986
Fold: 4 	 Test r2: 0.7322 	 Test Loss: 0.0135 	 Test MAE: 0.0868
Fold: 5 	 Test r2: 0.6802 	 Test Loss: 0.0185 	 Test MAE: 0.0937
Final avg. r2:  0.6280160073644272
Final avg. MSE: 0.017050090645655137
Final avg. MAE: 0.0889324171424267
R2: 0.6280160073644272 +- 0.0
MAE: 0.0889324171424267 +- 0.0
