Fold: 1 	 Test r2: 0.6753 	 Test Loss: 0.0117 	 Test MAE: 0.0702
Fold: 2 	 Test r2: 0.4059 	 Test Loss: 0.0193 	 Test MAE: 0.0942
Fold: 3 	 Test r2: 0.8149 	 Test Loss: 0.0089 	 Test MAE: 0.0651
Fold: 4 	 Test r2: 0.6150 	 Test Loss: 0.0150 	 Test MAE: 0.0942
Fold: 5 	 Test r2: 0.6143 	 Test Loss: 0.0306 	 Test MAE: 0.0974
Final avg. r2:  0.6250811663738574
Final avg. MSE: 0.01709033611912747
Final avg. MAE: 0.08420477387476333
R2: 0.6250811663738574 +- 0.0
MAE: 0.08420477387476333 +- 0.0
