Fold: 1 	 Test r2: 0.7290 	 Test Loss: 0.0100 	 Test MAE: 0.0703
Fold: 2 	 Test r2: 0.7839 	 Test Loss: 0.0095 	 Test MAE: 0.0716
Fold: 3 	 Test r2: 0.6824 	 Test Loss: 0.0222 	 Test MAE: 0.0832
Fold: 4 	 Test r2: 0.6995 	 Test Loss: 0.0150 	 Test MAE: 0.0777
Fold: 5 	 Test r2: 0.6707 	 Test Loss: 0.0110 	 Test MAE: 0.0709
Final avg. r2:  0.7130917333182443
Final avg. MSE: 0.013542702879962126
Final avg. MAE: 0.07474028558096514
R2: 0.7130917333182443 +- 0.0
MAE: 0.07474028558096514 +- 0.0
