Fold: 1 	 Test r2: 0.6257 	 Test Loss: 0.0174 	 Test MAE: 0.1036
Fold: 2 	 Test r2: 0.7155 	 Test Loss: 0.0145 	 Test MAE: 0.0913
Fold: 3 	 Test r2: 0.6540 	 Test Loss: 0.0083 	 Test MAE: 0.0688
Fold: 4 	 Test r2: 0.6151 	 Test Loss: 0.0268 	 Test MAE: 0.0909
Fold: 5 	 Test r2: 0.6910 	 Test Loss: 0.0111 	 Test MAE: 0.0791
Final avg. r2:  0.6602531477596859
Final avg. MSE: 0.015621447845459251
Final avg. MAE: 0.08673119292512131
R2: 0.6602531477596859 +- 0.0
MAE: 0.08673119292512131 +- 0.0
