Fold: 1 	 Test r2: 0.7729 	 Test Loss: 0.0102 	 Test MAE: 0.0689
Fold: 2 	 Test r2: 0.6880 	 Test Loss: 0.0226 	 Test MAE: 0.0867
Fold: 3 	 Test r2: 0.7414 	 Test Loss: 0.0126 	 Test MAE: 0.0730
Fold: 4 	 Test r2: 0.6978 	 Test Loss: 0.0092 	 Test MAE: 0.0617
Fold: 5 	 Test r2: 0.7443 	 Test Loss: 0.0089 	 Test MAE: 0.0609
Final avg. r2:  0.7288892283505198
Final avg. MSE: 0.01269282383300443
Final avg. MAE: 0.0702293303243968
R2: 0.7288892283505198 +- 0.0
MAE: 0.0702293303243968 +- 0.0
