Fold: 1 	 Test r2: 0.7175 	 Test Loss: 0.0121 	 Test MAE: 0.0817
Fold: 2 	 Test r2: 0.7694 	 Test Loss: 0.0089 	 Test MAE: 0.0640
Fold: 3 	 Test r2: 0.6925 	 Test Loss: 0.0134 	 Test MAE: 0.0711
Fold: 4 	 Test r2: 0.5895 	 Test Loss: 0.0147 	 Test MAE: 0.0716
Fold: 5 	 Test r2: 0.7564 	 Test Loss: 0.0179 	 Test MAE: 0.0680
Final avg. r2:  0.7050446368677795
Final avg. MSE: 0.013385086920953521
Final avg. MAE: 0.07128125602113349
R2: 0.7050446368677795 +- 0.0
MAE: 0.07128125602113349 +- 0.0
