Fold: 1 	 Test r2: 0.6526 	 Test Loss: 0.0122 	 Test MAE: 0.0812
Fold: 2 	 Test r2: 0.8339 	 Test Loss: 0.0066 	 Test MAE: 0.0626
Fold: 3 	 Test r2: 0.6694 	 Test Loss: 0.0122 	 Test MAE: 0.0744
Fold: 4 	 Test r2: 0.6196 	 Test Loss: 0.0128 	 Test MAE: 0.0756
Fold: 5 	 Test r2: 0.7560 	 Test Loss: 0.0214 	 Test MAE: 0.0747
Final avg. r2:  0.7063141928071518
Final avg. MSE: 0.013034204612852457
Final avg. MAE: 0.0737018340805761
R2: 0.7063141928071518 +- 0.0
MAE: 0.0737018340805761 +- 0.0
