Fold: 1 	 Test r2: 0.8261 	 Test Loss: 0.0090 	 Test MAE: 0.0714
Fold: 2 	 Test r2: 0.8256 	 Test Loss: 0.0063 	 Test MAE: 0.0580
Fold: 3 	 Test r2: 0.7481 	 Test Loss: 0.0086 	 Test MAE: 0.0633
Fold: 4 	 Test r2: 0.7246 	 Test Loss: 0.0189 	 Test MAE: 0.0907
Fold: 5 	 Test r2: 0.5779 	 Test Loss: 0.0186 	 Test MAE: 0.0846
Final avg. r2:  0.7404398986728239
Final avg. MSE: 0.012272706530901496
Final avg. MAE: 0.07360320606959515
R2: 0.7404398986728239 +- 0.0
MAE: 0.07360320606959515 +- 0.0
