Fold: 1 	 Test r2: 0.6136 	 Test Loss: 0.0262 	 Test MAE: 0.0822
Fold: 2 	 Test r2: 0.7033 	 Test Loss: 0.0127 	 Test MAE: 0.0789
Fold: 3 	 Test r2: 0.7272 	 Test Loss: 0.0138 	 Test MAE: 0.0936
Fold: 4 	 Test r2: 0.5062 	 Test Loss: 0.0149 	 Test MAE: 0.0926
Fold: 5 	 Test r2: 0.7400 	 Test Loss: 0.0102 	 Test MAE: 0.0709
Final avg. r2:  0.6580697927010225
Final avg. MSE: 0.015561604951289418
Final avg. MAE: 0.08364981896668469
R2: 0.6580697927010225 +- 0.0
MAE: 0.08364981896668469 +- 0.0
