Fold: 1 	 Test r2: 0.5193 	 Test Loss: 0.0140 	 Test MAE: 0.0734
Fold: 2 	 Test r2: 0.6201 	 Test Loss: 0.0146 	 Test MAE: 0.0753
Fold: 3 	 Test r2: 0.7303 	 Test Loss: 0.0163 	 Test MAE: 0.0761
Fold: 4 	 Test r2: 0.7947 	 Test Loss: 0.0087 	 Test MAE: 0.0683
Fold: 5 	 Test r2: 0.8734 	 Test Loss: 0.0076 	 Test MAE: 0.0605
Final avg. r2:  0.707562801923119
Final avg. MSE: 0.012242501144661331
Final avg. MAE: 0.07071140552459118
R2: 0.707562801923119 +- 0.0
MAE: 0.07071140552459118 +- 0.0
