Fold: 1 	 Test r2: 0.6588 	 Test Loss: 0.0162 	 Test MAE: 0.0856
Fold: 2 	 Test r2: 0.5543 	 Test Loss: 0.0189 	 Test MAE: 0.1010
Fold: 3 	 Test r2: 0.5599 	 Test Loss: 0.0173 	 Test MAE: 0.0984
Fold: 4 	 Test r2: 0.7823 	 Test Loss: 0.0082 	 Test MAE: 0.0705
Fold: 5 	 Test r2: 0.5877 	 Test Loss: 0.0265 	 Test MAE: 0.0817
Final avg. r2:  0.6285867192126975
Final avg. MSE: 0.01743365532102482
Final avg. MAE: 0.08744504807681656
R2: 0.6285867192126975 +- 0.0
MAE: 0.08744504807681656 +- 0.0
