Fold: 1 	 Test r2: 0.5177 	 Test Loss: 0.0168 	 Test MAE: 0.0971
Fold: 2 	 Test r2: 0.7924 	 Test Loss: 0.0105 	 Test MAE: 0.0811
Fold: 3 	 Test r2: 0.3269 	 Test Loss: 0.0237 	 Test MAE: 0.0984
Fold: 4 	 Test r2: 0.5068 	 Test Loss: 0.0400 	 Test MAE: 0.1118
Fold: 5 	 Test r2: 0.2814 	 Test Loss: 0.0222 	 Test MAE: 0.1266
Final avg. r2:  0.4850477946506647
Final avg. MSE: 0.02263568434357793
Final avg. MAE: 0.1029986820994642
R2: 0.4850477946506647 +- 0.0
MAE: 0.1029986820994642 +- 0.0
