Fold: 1 	 Test r2: 0.5945 	 Test Loss: 0.0286 	 Test MAE: 0.0995
Fold: 2 	 Test r2: 0.7287 	 Test Loss: 0.0122 	 Test MAE: 0.0804
Fold: 3 	 Test r2: 0.6962 	 Test Loss: 0.0141 	 Test MAE: 0.0835
Fold: 4 	 Test r2: 0.5233 	 Test Loss: 0.0149 	 Test MAE: 0.0799
Fold: 5 	 Test r2: 0.6292 	 Test Loss: 0.0143 	 Test MAE: 0.0756
Final avg. r2:  0.6343758843156706
Final avg. MSE: 0.016835962811655877
Final avg. MAE: 0.08378177502629709
R2: 0.6343758843156706 +- 0.0
MAE: 0.08378177502629709 +- 0.0
