Fold: 1 	 Test r2: 0.6405 	 Test Loss: 0.0244 	 Test MAE: 0.0896
Fold: 2 	 Test r2: 0.7228 	 Test Loss: 0.0113 	 Test MAE: 0.0719
Fold: 3 	 Test r2: 0.7033 	 Test Loss: 0.0117 	 Test MAE: 0.0706
Fold: 4 	 Test r2: 0.8040 	 Test Loss: 0.0088 	 Test MAE: 0.0674
Fold: 5 	 Test r2: 0.6602 	 Test Loss: 0.0139 	 Test MAE: 0.0794
Final avg. r2:  0.7061678617013866
Final avg. MSE: 0.0140178629994193
Final avg. MAE: 0.07578647362993284
R2: 0.7061678617013866 +- 0.0
MAE: 0.07578647362993284 +- 0.0
