Fold: 1 	 Test r2: 0.6186 	 Test Loss: 0.0168 	 Test MAE: 0.0811
Fold: 2 	 Test r2: 0.8013 	 Test Loss: 0.0088 	 Test MAE: 0.0648
Fold: 3 	 Test r2: 0.7390 	 Test Loss: 0.0075 	 Test MAE: 0.0607
Fold: 4 	 Test r2: 0.6617 	 Test Loss: 0.0268 	 Test MAE: 0.1044
Fold: 5 	 Test r2: 0.8377 	 Test Loss: 0.0053 	 Test MAE: 0.0572
Final avg. r2:  0.7316664601801552
Final avg. MSE: 0.013052444352861075
Final avg. MAE: 0.07363243583830542
R2: 0.7316664601801552 +- 0.0
MAE: 0.07363243583830542 +- 0.0
