Fold: 1 	 Test r2: 0.5544 	 Test Loss: 0.0308 	 Test MAE: 0.1057
Fold: 2 	 Test r2: 0.7185 	 Test Loss: 0.0155 	 Test MAE: 0.0891
Fold: 3 	 Test r2: 0.7506 	 Test Loss: 0.0076 	 Test MAE: 0.0680
Fold: 4 	 Test r2: 0.6430 	 Test Loss: 0.0124 	 Test MAE: 0.0752
Fold: 5 	 Test r2: 0.5365 	 Test Loss: 0.0171 	 Test MAE: 0.0932
Final avg. r2:  0.6405851358751106
Final avg. MSE: 0.016675159913214492
Final avg. MAE: 0.08623918436188885
R2: 0.6405851358751106 +- 0.0
MAE: 0.08623918436188885 +- 0.0
