Fold: 1 	 Test r2: 0.6207 	 Test Loss: 0.0117 	 Test MAE: 0.0789
Fold: 2 	 Test r2: 0.5873 	 Test Loss: 0.0207 	 Test MAE: 0.1026
Fold: 3 	 Test r2: 0.7719 	 Test Loss: 0.0066 	 Test MAE: 0.0690
Fold: 4 	 Test r2: 0.6025 	 Test Loss: 0.0155 	 Test MAE: 0.0833
Fold: 5 	 Test r2: 0.6335 	 Test Loss: 0.0290 	 Test MAE: 0.0927
Final avg. r2:  0.6431785161695315
Final avg. MSE: 0.016693030310221867
Final avg. MAE: 0.08527429705979873
R2: 0.6431785161695315 +- 0.0
MAE: 0.08527429705979873 +- 0.0
