Fold: 1 	 Test r2: 0.6141 	 Test Loss: 0.0249 	 Test MAE: 0.0948
Fold: 2 	 Test r2: 0.7044 	 Test Loss: 0.0098 	 Test MAE: 0.0817
Fold: 3 	 Test r2: 0.7282 	 Test Loss: 0.0132 	 Test MAE: 0.0810
Fold: 4 	 Test r2: 0.6694 	 Test Loss: 0.0122 	 Test MAE: 0.0775
Fold: 5 	 Test r2: 0.6870 	 Test Loss: 0.0151 	 Test MAE: 0.0919
Final avg. r2:  0.6806117754442608
Final avg. MSE: 0.015037947506031399
Final avg. MAE: 0.08539575026782394
R2: 0.6806117754442608 +- 0.0
MAE: 0.08539575026782394 +- 0.0
