Fold: 1 	 Test r2: 0.7122 	 Test Loss: 0.0094 	 Test MAE: 0.0671
Fold: 2 	 Test r2: 0.8136 	 Test Loss: 0.0065 	 Test MAE: 0.0651
Fold: 3 	 Test r2: 0.8469 	 Test Loss: 0.0076 	 Test MAE: 0.0564
Fold: 4 	 Test r2: 0.7877 	 Test Loss: 0.0080 	 Test MAE: 0.0622
Fold: 5 	 Test r2: 0.6752 	 Test Loss: 0.0254 	 Test MAE: 0.0845
Final avg. r2:  0.7671176489686651
Final avg. MSE: 0.011400132260286393
Final avg. MAE: 0.06704949059453952
R2: 0.7671176489686651 +- 0.0
MAE: 0.06704949059453952 +- 0.0
