Fold: 1 	 Test r2: 0.7011 	 Test Loss: 0.0092 	 Test MAE: 0.0716
Fold: 2 	 Test r2: 0.7483 	 Test Loss: 0.0138 	 Test MAE: 0.0927
Fold: 3 	 Test r2: 0.5511 	 Test Loss: 0.0288 	 Test MAE: 0.0842
Fold: 4 	 Test r2: 0.5981 	 Test Loss: 0.0145 	 Test MAE: 0.0920
Fold: 5 	 Test r2: 0.8069 	 Test Loss: 0.0090 	 Test MAE: 0.0732
Final avg. r2:  0.6811105286792024
Final avg. MSE: 0.015060334959633076
Final avg. MAE: 0.08273476615522792
R2: 0.6811105286792024 +- 0.0
MAE: 0.08273476615522792 +- 0.0
