Fold: 1 	 Test r2: 0.8250 	 Test Loss: 0.0068 	 Test MAE: 0.0613
Fold: 2 	 Test r2: 0.6064 	 Test Loss: 0.0109 	 Test MAE: 0.0728
Fold: 3 	 Test r2: 0.6935 	 Test Loss: 0.0140 	 Test MAE: 0.0922
Fold: 4 	 Test r2: 0.6936 	 Test Loss: 0.0249 	 Test MAE: 0.0995
Fold: 5 	 Test r2: 0.6066 	 Test Loss: 0.0125 	 Test MAE: 0.0783
Final avg. r2:  0.6850393255014341
Final avg. MSE: 0.013806338620124325
Final avg. MAE: 0.08080981596670792
R2: 0.6850393255014341 +- 0.0
MAE: 0.08080981596670792 +- 0.0
