Fold: 1 	 Test r2: 0.7874 	 Test Loss: 0.0073 	 Test MAE: 0.0645
Fold: 2 	 Test r2: 0.6527 	 Test Loss: 0.0217 	 Test MAE: 0.0857
Fold: 3 	 Test r2: 0.8861 	 Test Loss: 0.0049 	 Test MAE: 0.0437
Fold: 4 	 Test r2: 0.6685 	 Test Loss: 0.0156 	 Test MAE: 0.0799
Fold: 5 	 Test r2: 0.7958 	 Test Loss: 0.0100 	 Test MAE: 0.0746
Final avg. r2:  0.7581004809806166
Final avg. MSE: 0.01189345938209848
Final avg. MAE: 0.06966491441058667
R2: 0.7581004809806166 +- 0.0
MAE: 0.06966491441058667 +- 0.0
