Fold: 1 	 Test r2: 0.8565 	 Test Loss: 0.0073 	 Test MAE: 0.0601
Fold: 2 	 Test r2: 0.7744 	 Test Loss: 0.0148 	 Test MAE: 0.0693
Fold: 3 	 Test r2: 0.4031 	 Test Loss: 0.0172 	 Test MAE: 0.0849
Fold: 4 	 Test r2: 0.7724 	 Test Loss: 0.0118 	 Test MAE: 0.0690
Fold: 5 	 Test r2: 0.6616 	 Test Loss: 0.0126 	 Test MAE: 0.0736
Final avg. r2:  0.6936256321503327
Final avg. MSE: 0.01272892111950662
Final avg. MAE: 0.07136805385199128
R2: 0.6936256321503327 +- 0.0
MAE: 0.07136805385199128 +- 0.0
