Fold: 1 	 Test r2: 0.6432 	 Test Loss: 0.0248 	 Test MAE: 0.0779
Fold: 2 	 Test r2: 0.8147 	 Test Loss: 0.0071 	 Test MAE: 0.0566
Fold: 3 	 Test r2: 0.7996 	 Test Loss: 0.0084 	 Test MAE: 0.0665
Fold: 4 	 Test r2: 0.7355 	 Test Loss: 0.0104 	 Test MAE: 0.0770
Fold: 5 	 Test r2: 0.8255 	 Test Loss: 0.0076 	 Test MAE: 0.0661
Final avg. r2:  0.7637169842834532
Final avg. MSE: 0.011663450625811847
Final avg. MAE: 0.06881973492235047
R2: 0.7637169842834532 +- 0.0
MAE: 0.06881973492235047 +- 0.0
