Fold: 1 	 Test r2: 0.8327 	 Test Loss: 0.0062 	 Test MAE: 0.0578
Fold: 2 	 Test r2: 0.6142 	 Test Loss: 0.0105 	 Test MAE: 0.0653
Fold: 3 	 Test r2: 0.6887 	 Test Loss: 0.0172 	 Test MAE: 0.0765
Fold: 4 	 Test r2: 0.7796 	 Test Loss: 0.0164 	 Test MAE: 0.0787
Fold: 5 	 Test r2: 0.7429 	 Test Loss: 0.0096 	 Test MAE: 0.0759
Final avg. r2:  0.7316110915100694
Final avg. MSE: 0.011977048722891149
Final avg. MAE: 0.07085981168435747
R2: 0.7316110915100694 +- 0.0
MAE: 0.07085981168435747 +- 0.0
