Fold: 1 	 Test r2: 0.7669 	 Test Loss: 0.0118 	 Test MAE: 0.0758
Fold: 2 	 Test r2: 0.4354 	 Test Loss: 0.0154 	 Test MAE: 0.0881
Fold: 3 	 Test r2: 0.7451 	 Test Loss: 0.0087 	 Test MAE: 0.0717
Fold: 4 	 Test r2: 0.6274 	 Test Loss: 0.0249 	 Test MAE: 0.0869
Fold: 5 	 Test r2: 0.7277 	 Test Loss: 0.0154 	 Test MAE: 0.1040
Final avg. r2:  0.6604814993317384
Final avg. MSE: 0.015264187667247242
Final avg. MAE: 0.0853223077103901
R2: 0.6604814993317384 +- 0.0
MAE: 0.0853223077103901 +- 0.0
