Fold: 1 	 Test r2: 0.7324 	 Test Loss: 0.0092 	 Test MAE: 0.0652
Fold: 2 	 Test r2: 0.8166 	 Test Loss: 0.0081 	 Test MAE: 0.0698
Fold: 3 	 Test r2: 0.6501 	 Test Loss: 0.0272 	 Test MAE: 0.0864
Fold: 4 	 Test r2: 0.7141 	 Test Loss: 0.0136 	 Test MAE: 0.0747
Fold: 5 	 Test r2: 0.7377 	 Test Loss: 0.0083 	 Test MAE: 0.0633
Final avg. r2:  0.7302072320943541
Final avg. MSE: 0.013287802524218762
Final avg. MAE: 0.07185887938530064
R2: 0.7302072320943541 +- 0.0
MAE: 0.07185887938530064 +- 0.0
