Fold: 1 	 Test r2: 0.6674 	 Test Loss: 0.0149 	 Test MAE: 0.0926
Fold: 2 	 Test r2: 0.6327 	 Test Loss: 0.0141 	 Test MAE: 0.0993
Fold: 3 	 Test r2: 0.7137 	 Test Loss: 0.0202 	 Test MAE: 0.0868
Fold: 4 	 Test r2: 0.7601 	 Test Loss: 0.0110 	 Test MAE: 0.0780
Fold: 5 	 Test r2: 0.6691 	 Test Loss: 0.0113 	 Test MAE: 0.0771
Final avg. r2:  0.6885923921002883
Final avg. MSE: 0.014314095443596912
Final avg. MAE: 0.0867365421695622
R2: 0.6885923921002883 +- 0.0
MAE: 0.0867365421695622 +- 0.0
