Fold: 1 	 Test r2: 0.7562 	 Test Loss: 0.0095 	 Test MAE: 0.0783
Fold: 2 	 Test r2: 0.3416 	 Test Loss: 0.0230 	 Test MAE: 0.1137
Fold: 3 	 Test r2: 0.7885 	 Test Loss: 0.0105 	 Test MAE: 0.0785
Fold: 4 	 Test r2: 0.5474 	 Test Loss: 0.0142 	 Test MAE: 0.0772
Fold: 5 	 Test r2: 0.5770 	 Test Loss: 0.0328 	 Test MAE: 0.1028
Final avg. r2:  0.6021432618301317
Final avg. MSE: 0.018001412671042945
Final avg. MAE: 0.09006895174709509
R2: 0.6021432618301317 +- 0.0
MAE: 0.09006895174709509 +- 0.0
