Fold: 1 	 Test r2: 0.7219 	 Test Loss: 0.0136 	 Test MAE: 0.0693
Fold: 2 	 Test r2: 0.8196 	 Test Loss: 0.0057 	 Test MAE: 0.0576
Fold: 3 	 Test r2: 0.6542 	 Test Loss: 0.0227 	 Test MAE: 0.0790
Fold: 4 	 Test r2: 0.7039 	 Test Loss: 0.0118 	 Test MAE: 0.0758
Fold: 5 	 Test r2: 0.8068 	 Test Loss: 0.0093 	 Test MAE: 0.0663
Final avg. r2:  0.7412862567385726
Final avg. MSE: 0.012595922194340506
Final avg. MAE: 0.06959880998320117
R2: 0.7412862567385726 +- 0.0
MAE: 0.06959880998320117 +- 0.0
