Fold: 1 	 Test r2: 0.7687 	 Test Loss: 0.0127 	 Test MAE: 0.0848
Fold: 2 	 Test r2: 0.6988 	 Test Loss: 0.0099 	 Test MAE: 0.0764
Fold: 3 	 Test r2: 0.6834 	 Test Loss: 0.0167 	 Test MAE: 0.0948
Fold: 4 	 Test r2: 0.5322 	 Test Loss: 0.0269 	 Test MAE: 0.0803
Fold: 5 	 Test r2: 0.4647 	 Test Loss: 0.0199 	 Test MAE: 0.0990
Final avg. r2:  0.629548425800452
Final avg. MSE: 0.017222834421376836
Final avg. MAE: 0.0870606962762469
R2: 0.629548425800452 +- 0.0
MAE: 0.0870606962762469 +- 0.0
