Fold: 1 	 Test r2: 0.7098 	 Test Loss: 0.0131 	 Test MAE: 0.0784
Fold: 2 	 Test r2: 0.6661 	 Test Loss: 0.0134 	 Test MAE: 0.0824
Fold: 3 	 Test r2: 0.7187 	 Test Loss: 0.0119 	 Test MAE: 0.0803
Fold: 4 	 Test r2: 0.6278 	 Test Loss: 0.0260 	 Test MAE: 0.0952
Fold: 5 	 Test r2: 0.7341 	 Test Loss: 0.0102 	 Test MAE: 0.0740
Final avg. r2:  0.6912907809366791
Final avg. MSE: 0.014928356139663132
Final avg. MAE: 0.08206364763773927
R2: 0.6912907809366791 +- 0.0
MAE: 0.08206364763773927 +- 0.0
