Fold: 1 	 Test r2: 0.4589 	 Test Loss: 0.0182 	 Test MAE: 0.0932
Fold: 2 	 Test r2: 0.3505 	 Test Loss: 0.0304 	 Test MAE: 0.1188
Fold: 3 	 Test r2: 0.8075 	 Test Loss: 0.0067 	 Test MAE: 0.0625
Fold: 4 	 Test r2: 0.6948 	 Test Loss: 0.0121 	 Test MAE: 0.0785
Fold: 5 	 Test r2: 0.6238 	 Test Loss: 0.0304 	 Test MAE: 0.0980
Final avg. r2:  0.5871298296678913
Final avg. MSE: 0.019525287128784322
Final avg. MAE: 0.09018426279911176
R2: 0.5871298296678913 +- 0.0
MAE: 0.09018426279911176 +- 0.0
