Fold: 1 	 Test r2: 0.2235 	 Test Loss: 0.0153 	 Test MAE: 0.0734
Fold: 2 	 Test r2: 0.2654 	 Test Loss: 0.0239 	 Test MAE: 0.1203
Fold: 3 	 Test r2: 0.7086 	 Test Loss: 0.0176 	 Test MAE: 0.1029
Fold: 4 	 Test r2: 0.7729 	 Test Loss: 0.0121 	 Test MAE: 0.0797
Fold: 5 	 Test r2: 0.5390 	 Test Loss: 0.0305 	 Test MAE: 0.0778
Final avg. r2:  0.501911995192385
Final avg. MSE: 0.019889786278795688
Final avg. MAE: 0.09082338574031988
R2: 0.501911995192385 +- 0.0
MAE: 0.09082338574031988 +- 0.0
