Fold: 1 	 Test r2: 0.7284 	 Test Loss: 0.0121 	 Test MAE: 0.0815
Fold: 2 	 Test r2: 0.6056 	 Test Loss: 0.0286 	 Test MAE: 0.0768
Fold: 3 	 Test r2: 0.6124 	 Test Loss: 0.0176 	 Test MAE: 0.0973
Fold: 4 	 Test r2: 0.5901 	 Test Loss: 0.0159 	 Test MAE: 0.0914
Fold: 5 	 Test r2: 0.7526 	 Test Loss: 0.0075 	 Test MAE: 0.0617
Final avg. r2:  0.6578267117330882
Final avg. MSE: 0.016357117232897463
Final avg. MAE: 0.08173777000902563
R2: 0.6578267117330882 +- 0.0
MAE: 0.08173777000902563 +- 0.0
