Fold: 1 	 Test r2: 0.7256 	 Test Loss: 0.0142 	 Test MAE: 0.0826
Fold: 2 	 Test r2: 0.6903 	 Test Loss: 0.0219 	 Test MAE: 0.0824
Fold: 3 	 Test r2: 0.4689 	 Test Loss: 0.0174 	 Test MAE: 0.0875
Fold: 4 	 Test r2: 0.8407 	 Test Loss: 0.0067 	 Test MAE: 0.0570
Fold: 5 	 Test r2: 0.5647 	 Test Loss: 0.0152 	 Test MAE: 0.0909
Final avg. r2:  0.6580278551353846
Final avg. MSE: 0.015081401158694802
Final avg. MAE: 0.08008034490238951
R2: 0.6580278551353846 +- 0.0
MAE: 0.08008034490238951 +- 0.0
