Fold: 1 	 Test r2: 0.7149 	 Test Loss: 0.0117 	 Test MAE: 0.0752
Fold: 2 	 Test r2: 0.7024 	 Test Loss: 0.0148 	 Test MAE: 0.0726
Fold: 3 	 Test r2: 0.6962 	 Test Loss: 0.0203 	 Test MAE: 0.0815
Fold: 4 	 Test r2: 0.6903 	 Test Loss: 0.0138 	 Test MAE: 0.0785
Fold: 5 	 Test r2: 0.7620 	 Test Loss: 0.0075 	 Test MAE: 0.0611
Final avg. r2:  0.7131747188539065
Final avg. MSE: 0.013614690066956158
Final avg. MAE: 0.07378896025205854
R2: 0.7131747188539065 +- 0.0
MAE: 0.07378896025205854 +- 0.0
