Fold: 1 	 Test r2: 0.7223 	 Test Loss: 0.0085 	 Test MAE: 0.0708
Fold: 2 	 Test r2: 0.6216 	 Test Loss: 0.0181 	 Test MAE: 0.1047
Fold: 3 	 Test r2: 0.5925 	 Test Loss: 0.0143 	 Test MAE: 0.0938
Fold: 4 	 Test r2: 0.6531 	 Test Loss: 0.0129 	 Test MAE: 0.0805
Fold: 5 	 Test r2: 0.5907 	 Test Loss: 0.0338 	 Test MAE: 0.0998
Final avg. r2:  0.6360509831077509
Final avg. MSE: 0.017526960848674795
Final avg. MAE: 0.08990401020590344
R2: 0.6360509831077509 +- 0.0
MAE: 0.08990401020590344 +- 0.0
