Fold: 1 	 Test r2: 0.7449 	 Test Loss: 0.0091 	 Test MAE: 0.0726
Fold: 2 	 Test r2: 0.5492 	 Test Loss: 0.0148 	 Test MAE: 0.0925
Fold: 3 	 Test r2: 0.6228 	 Test Loss: 0.0168 	 Test MAE: 0.0911
Fold: 4 	 Test r2: 0.6602 	 Test Loss: 0.0116 	 Test MAE: 0.0823
Fold: 5 	 Test r2: 0.7255 	 Test Loss: 0.0232 	 Test MAE: 0.1023
Final avg. r2:  0.6604996957671234
Final avg. MSE: 0.015098980774842308
Final avg. MAE: 0.08814800332686831
R2: 0.6604996957671234 +- 0.0
MAE: 0.08814800332686831 +- 0.0
