Fold: 1 	 Test r2: 0.6920 	 Test Loss: 0.0146 	 Test MAE: 0.0784
Fold: 2 	 Test r2: 0.7988 	 Test Loss: 0.0062 	 Test MAE: 0.0530
Fold: 3 	 Test r2: 0.6454 	 Test Loss: 0.0166 	 Test MAE: 0.0896
Fold: 4 	 Test r2: 0.7471 	 Test Loss: 0.0102 	 Test MAE: 0.0759
Fold: 5 	 Test r2: 0.7337 	 Test Loss: 0.0174 	 Test MAE: 0.0840
Final avg. r2:  0.7234032411065641
Final avg. MSE: 0.012990664445300514
Final avg. MAE: 0.07619919308340874
R2: 0.7234032411065641 +- 0.0
MAE: 0.07619919308340874 +- 0.0
