Fold: 1 	 Test r2: 0.6194 	 Test Loss: 0.0150 	 Test MAE: 0.0945
Fold: 2 	 Test r2: 0.5999 	 Test Loss: 0.0270 	 Test MAE: 0.0990
Fold: 3 	 Test r2: 0.8618 	 Test Loss: 0.0078 	 Test MAE: 0.0709
Fold: 4 	 Test r2: 0.7853 	 Test Loss: 0.0089 	 Test MAE: 0.0667
Fold: 5 	 Test r2: -1.2163 	 Test Loss: 0.0610 	 Test MAE: 0.1432
Final avg. r2:  0.3300307587764489
Final avg. MSE: 0.023929566745853687
Final avg. MAE: 0.09487713007953298
R2: 0.3300307587764489 +- 0.0
MAE: 0.09487713007953298 +- 0.0
