Fold: 1 	 Test r2: 0.8064 	 Test Loss: 0.0104 	 Test MAE: 0.0772
Fold: 2 	 Test r2: 0.6854 	 Test Loss: 0.0123 	 Test MAE: 0.0837
Fold: 3 	 Test r2: 0.5519 	 Test Loss: 0.0123 	 Test MAE: 0.0792
Fold: 4 	 Test r2: 0.4305 	 Test Loss: 0.0454 	 Test MAE: 0.1204
Fold: 5 	 Test r2: 0.5614 	 Test Loss: 0.0147 	 Test MAE: 0.0860
Final avg. r2:  0.6071266419619701
Final avg. MSE: 0.019008986143089258
Final avg. MAE: 0.08929415009535698
R2: 0.6071266419619701 +- 0.0
MAE: 0.08929415009535698 +- 0.0
