Fold: 1 	 Test r2: 0.7267 	 Test Loss: 0.0178 	 Test MAE: 0.0782
Fold: 2 	 Test r2: 0.8250 	 Test Loss: 0.0064 	 Test MAE: 0.0612
Fold: 3 	 Test r2: 0.7664 	 Test Loss: 0.0131 	 Test MAE: 0.0746
Fold: 4 	 Test r2: 0.7478 	 Test Loss: 0.0098 	 Test MAE: 0.0685
Fold: 5 	 Test r2: 0.7898 	 Test Loss: 0.0072 	 Test MAE: 0.0624
Final avg. r2:  0.771144188667461
Final avg. MSE: 0.010850556055300598
Final avg. MAE: 0.06899931890712607
R2: 0.771144188667461 +- 0.0
MAE: 0.06899931890712607 +- 0.0
