Fold: 1 	 Test r2: 0.4313 	 Test Loss: 0.0323 	 Test MAE: 0.0973
Fold: 2 	 Test r2: 0.7316 	 Test Loss: 0.0106 	 Test MAE: 0.0768
Fold: 3 	 Test r2: 0.7583 	 Test Loss: 0.0126 	 Test MAE: 0.0799
Fold: 4 	 Test r2: 0.3477 	 Test Loss: 0.0243 	 Test MAE: 0.1143
Fold: 5 	 Test r2: 0.7590 	 Test Loss: 0.0118 	 Test MAE: 0.0759
Final avg. r2:  0.6055602370569889
Final avg. MSE: 0.018316479376487935
Final avg. MAE: 0.0888429153317801
R2: 0.6055602370569889 +- 0.0
MAE: 0.0888429153317801 +- 0.0
