Fold: 1 	 Test r2: 0.7730 	 Test Loss: 0.0077 	 Test MAE: 0.0576
Fold: 2 	 Test r2: 0.7303 	 Test Loss: 0.0118 	 Test MAE: 0.0887
Fold: 3 	 Test r2: 0.6547 	 Test Loss: 0.0244 	 Test MAE: 0.0930
Fold: 4 	 Test r2: 0.4019 	 Test Loss: 0.0248 	 Test MAE: 0.1149
Fold: 5 	 Test r2: 0.3799 	 Test Loss: 0.0255 	 Test MAE: 0.1150
Final avg. r2:  0.5879580003747212
Final avg. MSE: 0.018841297113247644
Final avg. MAE: 0.0938358493934886
R2: 0.5879580003747212 +- 0.0
MAE: 0.0938358493934886 +- 0.0
