Fold: 1 	 Test r2: 0.7326 	 Test Loss: 0.0190 	 Test MAE: 0.0882
Fold: 2 	 Test r2: 0.6744 	 Test Loss: 0.0109 	 Test MAE: 0.0777
Fold: 3 	 Test r2: 0.7752 	 Test Loss: 0.0096 	 Test MAE: 0.0784
Fold: 4 	 Test r2: 0.7104 	 Test Loss: 0.0136 	 Test MAE: 0.0816
Fold: 5 	 Test r2: 0.0658 	 Test Loss: 0.0378 	 Test MAE: 0.1354
Final avg. r2:  0.591676921071507
Final avg. MSE: 0.01815398648921022
Final avg. MAE: 0.09223924499689318
R2: 0.591676921071507 +- 0.0
MAE: 0.09223924499689318 +- 0.0
