Fold: 1 	 Test r2: 0.5706 	 Test Loss: 0.0204 	 Test MAE: 0.1095
Fold: 2 	 Test r2: 0.7749 	 Test Loss: 0.0076 	 Test MAE: 0.0699
Fold: 3 	 Test r2: 0.7579 	 Test Loss: 0.0068 	 Test MAE: 0.0643
Fold: 4 	 Test r2: 0.5721 	 Test Loss: 0.0328 	 Test MAE: 0.1061
Fold: 5 	 Test r2: 0.6069 	 Test Loss: 0.0165 	 Test MAE: 0.0988
Final avg. r2:  0.6564891069366274
Final avg. MSE: 0.016820493885177114
Final avg. MAE: 0.08970918434475657
R2: 0.6564891069366274 +- 0.0
MAE: 0.08970918434475657 +- 0.0
