Fold: 1 	 Test r2: 0.6325 	 Test Loss: 0.0185 	 Test MAE: 0.0934
Fold: 2 	 Test r2: 0.3602 	 Test Loss: 0.0191 	 Test MAE: 0.1000
Fold: 3 	 Test r2: 0.2632 	 Test Loss: 0.0331 	 Test MAE: 0.1131
Fold: 4 	 Test r2: 0.6113 	 Test Loss: 0.0253 	 Test MAE: 0.0865
Fold: 5 	 Test r2: 0.7089 	 Test Loss: 0.0129 	 Test MAE: 0.0879
Final avg. r2:  0.5152065457737216
Final avg. MSE: 0.021802446699197738
Final avg. MAE: 0.09616961652020208
R2: 0.5152065457737216 +- 0.0
MAE: 0.09616961652020208 +- 0.0
