Fold: 1 	 Test r2: 0.4858 	 Test Loss: 0.0195 	 Test MAE: 0.0916
Fold: 2 	 Test r2: 0.6164 	 Test Loss: 0.0284 	 Test MAE: 0.0889
Fold: 3 	 Test r2: 0.7716 	 Test Loss: 0.0116 	 Test MAE: 0.0832
Fold: 4 	 Test r2: 0.7282 	 Test Loss: 0.0103 	 Test MAE: 0.0733
Fold: 5 	 Test r2: 0.3145 	 Test Loss: 0.0226 	 Test MAE: 0.1138
Final avg. r2:  0.5833332235710791
Final avg. MSE: 0.018516376113053255
Final avg. MAE: 0.09014149337474789
R2: 0.5833332235710791 +- 0.0
MAE: 0.09014149337474789 +- 0.0
