Fold: 1 	 Test r2: 0.7008 	 Test Loss: 0.0104 	 Test MAE: 0.0573
Fold: 2 	 Test r2: 0.4723 	 Test Loss: 0.0190 	 Test MAE: 0.1055
Fold: 3 	 Test r2: 0.6429 	 Test Loss: 0.0228 	 Test MAE: 0.0792
Fold: 4 	 Test r2: 0.4664 	 Test Loss: 0.0206 	 Test MAE: 0.1099
Fold: 5 	 Test r2: 0.4608 	 Test Loss: 0.0312 	 Test MAE: 0.1311
Final avg. r2:  0.5486610675229225
Final avg. MSE: 0.020809418071007547
Final avg. MAE: 0.09658816470796254
R2: 0.5486610675229225 +- 0.0
MAE: 0.09658816470796254 +- 0.0
