Fold: 1 	 Test r2: 0.7934 	 Test Loss: 0.0064 	 Test MAE: 0.0586
Fold: 2 	 Test r2: 0.5683 	 Test Loss: 0.0180 	 Test MAE: 0.0874
Fold: 3 	 Test r2: 0.7366 	 Test Loss: 0.0082 	 Test MAE: 0.0630
Fold: 4 	 Test r2: 0.7438 	 Test Loss: 0.0120 	 Test MAE: 0.0853
Fold: 5 	 Test r2: 0.6022 	 Test Loss: 0.0322 	 Test MAE: 0.1044
Final avg. r2:  0.6888470473614803
Final avg. MSE: 0.015356248885926533
Final avg. MAE: 0.07972648625331771
R2: 0.6888470473614803 +- 0.0
MAE: 0.07972648625331771 +- 0.0
