Fold: 1 	 Test r2: 0.6408 	 Test Loss: 0.0096 	 Test MAE: 0.0748
Fold: 2 	 Test r2: 0.7766 	 Test Loss: 0.0092 	 Test MAE: 0.0744
Fold: 3 	 Test r2: 0.5527 	 Test Loss: 0.0342 	 Test MAE: 0.1082
Fold: 4 	 Test r2: 0.6682 	 Test Loss: 0.0164 	 Test MAE: 0.0861
Fold: 5 	 Test r2: 0.6358 	 Test Loss: 0.0126 	 Test MAE: 0.0787
Final avg. r2:  0.6547954323361965
Final avg. MSE: 0.016394010572339596
Final avg. MAE: 0.08446658439554122
R2: 0.6547954323361965 +- 0.0
MAE: 0.08446658439554122 +- 0.0
