Fold: 1 	 Test r2: 0.5929 	 Test Loss: 0.0241 	 Test MAE: 0.1183
Fold: 2 	 Test r2: 0.7570 	 Test Loss: 0.0106 	 Test MAE: 0.0751
Fold: 3 	 Test r2: 0.7026 	 Test Loss: 0.0140 	 Test MAE: 0.0814
Fold: 4 	 Test r2: 0.6068 	 Test Loss: 0.0112 	 Test MAE: 0.0774
Fold: 5 	 Test r2: 0.5478 	 Test Loss: 0.0242 	 Test MAE: 0.0780
Final avg. r2:  0.641427555206727
Final avg. MSE: 0.0168423914545357
Final avg. MAE: 0.08605011289204363
R2: 0.641427555206727 +- 0.0
MAE: 0.08605011289204363 +- 0.0
