Fold: 1 	 Test r2: 0.7662 	 Test Loss: 0.0115 	 Test MAE: 0.0788
Fold: 2 	 Test r2: 0.6754 	 Test Loss: 0.0125 	 Test MAE: 0.0825
Fold: 3 	 Test r2: 0.7496 	 Test Loss: 0.0083 	 Test MAE: 0.0692
Fold: 4 	 Test r2: 0.5157 	 Test Loss: 0.0334 	 Test MAE: 0.1060
Fold: 5 	 Test r2: 0.5874 	 Test Loss: 0.0175 	 Test MAE: 0.0875
Final avg. r2:  0.6588538498981346
Final avg. MSE: 0.016643731739637707
Final avg. MAE: 0.08481155123599635
R2: 0.6588538498981346 +- 0.0
MAE: 0.08481155123599635 +- 0.0
