Fold: 1 	 Test r2: 0.5732 	 Test Loss: 0.0144 	 Test MAE: 0.0883
Fold: 2 	 Test r2: 0.5451 	 Test Loss: 0.0209 	 Test MAE: 0.1056
Fold: 3 	 Test r2: 0.6522 	 Test Loss: 0.0246 	 Test MAE: 0.0757
Fold: 4 	 Test r2: 0.4753 	 Test Loss: 0.0229 	 Test MAE: 0.1122
Fold: 5 	 Test r2: 0.5805 	 Test Loss: 0.0168 	 Test MAE: 0.0966
Final avg. r2:  0.5652330677175822
Final avg. MSE: 0.01994307811505996
Final avg. MAE: 0.09569473973836522
R2: 0.5652330677175822 +- 0.0
MAE: 0.09569473973836522 +- 0.0
