Fold: 1 	 Test r2: 0.7996 	 Test Loss: 0.0094 	 Test MAE: 0.0635
Fold: 2 	 Test r2: 0.5639 	 Test Loss: 0.0233 	 Test MAE: 0.0990
Fold: 3 	 Test r2: 0.7844 	 Test Loss: 0.0083 	 Test MAE: 0.0617
Fold: 4 	 Test r2: 0.7247 	 Test Loss: 0.0104 	 Test MAE: 0.0718
Fold: 5 	 Test r2: 0.8481 	 Test Loss: 0.0085 	 Test MAE: 0.0700
Final avg. r2:  0.7441275512559107
Final avg. MSE: 0.011980869646582893
Final avg. MAE: 0.07319833111322048
R2: 0.7441275512559107 +- 0.0
MAE: 0.07319833111322048 +- 0.0
