Fold: 1 	 Test r2: 0.7502 	 Test Loss: 0.0120 	 Test MAE: 0.0847
Fold: 2 	 Test r2: 0.6990 	 Test Loss: 0.0076 	 Test MAE: 0.0708
Fold: 3 	 Test r2: 0.4956 	 Test Loss: 0.0350 	 Test MAE: 0.0943
Fold: 4 	 Test r2: 0.5359 	 Test Loss: 0.0175 	 Test MAE: 0.0957
Fold: 5 	 Test r2: 0.7427 	 Test Loss: 0.0121 	 Test MAE: 0.0865
Final avg. r2:  0.6446718206807449
Final avg. MSE: 0.016828276572349903
Final avg. MAE: 0.08637775269267307
R2: 0.6446718206807449 +- 0.0
MAE: 0.08637775269267307 +- 0.0
