Fold: 1 	 Test r2: 0.5270 	 Test Loss: 0.0185 	 Test MAE: 0.0968
Fold: 2 	 Test r2: 0.7602 	 Test Loss: 0.0114 	 Test MAE: 0.0676
Fold: 3 	 Test r2: 0.6581 	 Test Loss: 0.0117 	 Test MAE: 0.0584
Fold: 4 	 Test r2: 0.7394 	 Test Loss: 0.0126 	 Test MAE: 0.0754
Fold: 5 	 Test r2: 0.7778 	 Test Loss: 0.0146 	 Test MAE: 0.0828
Final avg. r2:  0.6924724463104052
Final avg. MSE: 0.013739063850925637
Final avg. MAE: 0.07620593028865298
R2: 0.6924724463104052 +- 0.0
MAE: 0.07620593028865298 +- 0.0
