Fold: 1 	 Test r2: 0.8055 	 Test Loss: 0.0084 	 Test MAE: 0.0607
Fold: 2 	 Test r2: 0.6124 	 Test Loss: 0.0144 	 Test MAE: 0.0853
Fold: 3 	 Test r2: 0.6401 	 Test Loss: 0.0150 	 Test MAE: 0.0733
Fold: 4 	 Test r2: 0.9246 	 Test Loss: 0.0036 	 Test MAE: 0.0443
Fold: 5 	 Test r2: 0.7014 	 Test Loss: 0.0194 	 Test MAE: 0.0923
Final avg. r2:  0.7367994852542564
Final avg. MSE: 0.01215530102747906
Final avg. MAE: 0.07119309341180183
R2: 0.7367994852542564 +- 0.0
MAE: 0.07119309341180183 +- 0.0
