Fold: 1 	 Test r2: 0.7701 	 Test Loss: 0.0061 	 Test MAE: 0.0535
Fold: 2 	 Test r2: 0.7045 	 Test Loss: 0.0196 	 Test MAE: 0.0874
Fold: 3 	 Test r2: 0.7077 	 Test Loss: 0.0154 	 Test MAE: 0.0851
Fold: 4 	 Test r2: 0.7868 	 Test Loss: 0.0109 	 Test MAE: 0.0728
Fold: 5 	 Test r2: 0.7526 	 Test Loss: 0.0091 	 Test MAE: 0.0718
Final avg. r2:  0.7443441285989747
Final avg. MSE: 0.012209404737279769
Final avg. MAE: 0.07413240258271495
R2: 0.7443441285989747 +- 0.0
MAE: 0.07413240258271495 +- 0.0
