Fold: 1 	 Test r2: 0.8139 	 Test Loss: 0.0098 	 Test MAE: 0.0705
Fold: 2 	 Test r2: 0.5258 	 Test Loss: 0.0178 	 Test MAE: 0.0949
Fold: 3 	 Test r2: 0.6565 	 Test Loss: 0.0242 	 Test MAE: 0.0743
Fold: 4 	 Test r2: 0.8202 	 Test Loss: 0.0076 	 Test MAE: 0.0575
Fold: 5 	 Test r2: 0.6619 	 Test Loss: 0.0091 	 Test MAE: 0.0668
Final avg. r2:  0.6956630417714449
Final avg. MSE: 0.013692811532503799
Final avg. MAE: 0.07280594737452714
R2: 0.6956630417714449 +- 0.0
MAE: 0.07280594737452714 +- 0.0
