Fold: 1 	 Test r2: 0.7580 	 Test Loss: 0.0084 	 Test MAE: 0.0628
Fold: 2 	 Test r2: 0.7607 	 Test Loss: 0.0124 	 Test MAE: 0.0887
Fold: 3 	 Test r2: 0.5476 	 Test Loss: 0.0297 	 Test MAE: 0.1036
Fold: 4 	 Test r2: 0.6747 	 Test Loss: 0.0168 	 Test MAE: 0.0897
Fold: 5 	 Test r2: 0.1053 	 Test Loss: 0.0259 	 Test MAE: 0.1048
Final avg. r2:  0.5692723832042788
Final avg. MSE: 0.01866903612626762
Final avg. MAE: 0.08991729672491348
R2: 0.5692723832042788 +- 0.0
MAE: 0.08991729672491348 +- 0.0
