Fold: 1 	 Test r2: 0.5769 	 Test Loss: 0.0126 	 Test MAE: 0.0825
Fold: 2 	 Test r2: 0.8388 	 Test Loss: 0.0094 	 Test MAE: 0.0692
Fold: 3 	 Test r2: 0.4160 	 Test Loss: 0.0340 	 Test MAE: 0.1025
Fold: 4 	 Test r2: 0.6515 	 Test Loss: 0.0178 	 Test MAE: 0.0920
Fold: 5 	 Test r2: 0.5632 	 Test Loss: 0.0143 	 Test MAE: 0.0887
Final avg. r2:  0.6092826513416739
Final avg. MSE: 0.01762277318942034
Final avg. MAE: 0.08699955882656635
R2: 0.6092826513416739 +- 0.0
MAE: 0.08699955882656635 +- 0.0
