Fold: 1 	 Test r2: 0.8149 	 Test Loss: 0.0105 	 Test MAE: 0.0601
Fold: 2 	 Test r2: 0.7769 	 Test Loss: 0.0082 	 Test MAE: 0.0608
Fold: 3 	 Test r2: 0.7922 	 Test Loss: 0.0066 	 Test MAE: 0.0575
Fold: 4 	 Test r2: 0.8534 	 Test Loss: 0.0056 	 Test MAE: 0.0456
Fold: 5 	 Test r2: 0.7629 	 Test Loss: 0.0170 	 Test MAE: 0.0644
Final avg. r2:  0.8000566781268177
Final avg. MSE: 0.009578064230465328
Final avg. MAE: 0.05769894689536925
R2: 0.8000566781268177 +- 0.0
MAE: 0.05769894689536925 +- 0.0
