Fold: 1 	 Test r2: 0.7798 	 Test Loss: 0.0091 	 Test MAE: 0.0631
Fold: 2 	 Test r2: 0.7621 	 Test Loss: 0.0131 	 Test MAE: 0.0740
Fold: 3 	 Test r2: 0.8520 	 Test Loss: 0.0046 	 Test MAE: 0.0441
Fold: 4 	 Test r2: 0.5947 	 Test Loss: 0.0270 	 Test MAE: 0.0828
Fold: 5 	 Test r2: 0.7390 	 Test Loss: 0.0090 	 Test MAE: 0.0601
Final avg. r2:  0.745526733976775
Final avg. MSE: 0.012537642073025726
Final avg. MAE: 0.06481469019132408
R2: 0.745526733976775 +- 0.0
MAE: 0.06481469019132408 +- 0.0
