Fold: 1 	 Test r2: 0.6466 	 Test Loss: 0.0233 	 Test MAE: 0.0754
Fold: 2 	 Test r2: 0.8429 	 Test Loss: 0.0065 	 Test MAE: 0.0590
Fold: 3 	 Test r2: 0.7500 	 Test Loss: 0.0078 	 Test MAE: 0.0602
Fold: 4 	 Test r2: 0.7095 	 Test Loss: 0.0083 	 Test MAE: 0.0656
Fold: 5 	 Test r2: 0.7918 	 Test Loss: 0.0129 	 Test MAE: 0.0659
Final avg. r2:  0.7481822363167615
Final avg. MSE: 0.011756574316909121
Final avg. MAE: 0.06524655527948421
R2: 0.7481822363167615 +- 0.0
MAE: 0.06524655527948421 +- 0.0
