Fold: 1 	 Test r2: 0.8874 	 Test Loss: 0.0052 	 Test MAE: 0.0468
Fold: 2 	 Test r2: 0.7241 	 Test Loss: 0.0132 	 Test MAE: 0.0666
Fold: 3 	 Test r2: 0.7167 	 Test Loss: 0.0205 	 Test MAE: 0.0754
Fold: 4 	 Test r2: 0.4193 	 Test Loss: 0.0188 	 Test MAE: 0.0848
Fold: 5 	 Test r2: 0.8399 	 Test Loss: 0.0055 	 Test MAE: 0.0492
Final avg. r2:  0.7174664735736024
Final avg. MSE: 0.012658176478507994
Final avg. MAE: 0.06456672201934112
R2: 0.7174664735736024 +- 0.0
MAE: 0.06456672201934112 +- 0.0
