Fold: 1 	 Test r2: 0.8083 	 Test Loss: 0.0079 	 Test MAE: 0.0537
Fold: 2 	 Test r2: 0.7473 	 Test Loss: 0.0175 	 Test MAE: 0.0633
Fold: 3 	 Test r2: 0.8304 	 Test Loss: 0.0079 	 Test MAE: 0.0545
Fold: 4 	 Test r2: 0.9065 	 Test Loss: 0.0037 	 Test MAE: 0.0377
Fold: 5 	 Test r2: 0.7541 	 Test Loss: 0.0092 	 Test MAE: 0.0566
Final avg. r2:  0.8093258624087329
Final avg. MSE: 0.009234336896597466
Final avg. MAE: 0.05316779245654134
R2: 0.8093258624087329 +- 0.0
MAE: 0.05316779245654134 +- 0.0
