Fold: 1 	 Test r2: 0.7335 	 Test Loss: 0.0192 	 Test MAE: 0.0685
Fold: 2 	 Test r2: 0.8127 	 Test Loss: 0.0078 	 Test MAE: 0.0568
Fold: 3 	 Test r2: 0.7544 	 Test Loss: 0.0117 	 Test MAE: 0.0553
Fold: 4 	 Test r2: 0.8678 	 Test Loss: 0.0054 	 Test MAE: 0.0531
Fold: 5 	 Test r2: 0.8536 	 Test Loss: 0.0048 	 Test MAE: 0.0404
Final avg. r2:  0.8044098593570597
Final avg. MSE: 0.009803197715507993
Final avg. MAE: 0.05483233622547721
R2: 0.8044098593570597 +- 0.0
MAE: 0.05483233622547721 +- 0.0
