Fold: 1 	 Test r2: 0.8877 	 Test Loss: 0.0052 	 Test MAE: 0.0506
Fold: 2 	 Test r2: 0.8531 	 Test Loss: 0.0045 	 Test MAE: 0.0408
Fold: 3 	 Test r2: 0.7217 	 Test Loss: 0.0128 	 Test MAE: 0.0720
Fold: 4 	 Test r2: 0.7296 	 Test Loss: 0.0188 	 Test MAE: 0.0632
Fold: 5 	 Test r2: 0.7758 	 Test Loss: 0.0089 	 Test MAE: 0.0606
Final avg. r2:  0.7935797179830333
Final avg. MSE: 0.010038702665849683
Final avg. MAE: 0.05745178922237891
R2: 0.7935797179830333 +- 0.0
MAE: 0.05745178922237891 +- 0.0
