Fold: 1 	 Test r2: 0.7315 	 Test Loss: 0.0108 	 Test MAE: 0.0686
Fold: 2 	 Test r2: 0.7687 	 Test Loss: 0.0073 	 Test MAE: 0.0595
Fold: 3 	 Test r2: 0.7394 	 Test Loss: 0.0128 	 Test MAE: 0.0728
Fold: 4 	 Test r2: 0.6438 	 Test Loss: 0.0258 	 Test MAE: 0.0804
Fold: 5 	 Test r2: 0.7347 	 Test Loss: 0.0109 	 Test MAE: 0.0627
Final avg. r2:  0.7236151636721547
Final avg. MSE: 0.013522192213948032
Final avg. MAE: 0.06879773210277972
R2: 0.7236151636721547 +- 0.0
MAE: 0.06879773210277972 +- 0.0
