Fold: 1 	 Test r2: 0.7699 	 Test Loss: 0.0082 	 Test MAE: 0.0500
Fold: 2 	 Test r2: 0.7291 	 Test Loss: 0.0197 	 Test MAE: 0.0603
Fold: 3 	 Test r2: 0.8170 	 Test Loss: 0.0070 	 Test MAE: 0.0542
Fold: 4 	 Test r2: 0.8200 	 Test Loss: 0.0075 	 Test MAE: 0.0530
Fold: 5 	 Test r2: 0.8622 	 Test Loss: 0.0066 	 Test MAE: 0.0525
Final avg. r2:  0.7996227870718481
Final avg. MSE: 0.00977877892576549
Final avg. MAE: 0.05399484794181423
R2: 0.7996227870718481 +- 0.0
MAE: 0.05399484794181423 +- 0.0
