Fold: 1 	 Test r2: 0.8564 	 Test Loss: 0.0065 	 Test MAE: 0.0514
Fold: 2 	 Test r2: 0.6934 	 Test Loss: 0.0183 	 Test MAE: 0.0715
Fold: 3 	 Test r2: 0.7343 	 Test Loss: 0.0105 	 Test MAE: 0.0495
Fold: 4 	 Test r2: 0.8059 	 Test Loss: 0.0101 	 Test MAE: 0.0660
Fold: 5 	 Test r2: 0.8415 	 Test Loss: 0.0062 	 Test MAE: 0.0439
Final avg. r2:  0.7862997229714404
Final avg. MSE: 0.010328507782240951
Final avg. MAE: 0.05645321377610065
R2: 0.7862997229714404 +- 0.0
MAE: 0.05645321377610065 +- 0.0
