Fold: 1 	 Test r2: 0.8504 	 Test Loss: 0.0075 	 Test MAE: 0.0572
Fold: 2 	 Test r2: 0.6675 	 Test Loss: 0.0215 	 Test MAE: 0.0730
Fold: 3 	 Test r2: 0.7363 	 Test Loss: 0.0131 	 Test MAE: 0.0626
Fold: 4 	 Test r2: 0.9066 	 Test Loss: 0.0033 	 Test MAE: 0.0397
Fold: 5 	 Test r2: 0.8372 	 Test Loss: 0.0053 	 Test MAE: 0.0366
Final avg. r2:  0.7996242439052029
Final avg. MSE: 0.010149982365457475
Final avg. MAE: 0.053823574189552845
R2: 0.7996242439052029 +- 0.0
MAE: 0.053823574189552845 +- 0.0
