Fold: 1 	 Test r2: 0.8352 	 Test Loss: 0.0071 	 Test MAE: 0.0622
Fold: 2 	 Test r2: 0.7823 	 Test Loss: 0.0089 	 Test MAE: 0.0546
Fold: 3 	 Test r2: 0.5207 	 Test Loss: 0.0207 	 Test MAE: 0.0991
Fold: 4 	 Test r2: 0.8138 	 Test Loss: 0.0057 	 Test MAE: 0.0529
Fold: 5 	 Test r2: 0.6552 	 Test Loss: 0.0253 	 Test MAE: 0.0822
Final avg. r2:  0.7214345681069676
Final avg. MSE: 0.013556142249326029
Final avg. MAE: 0.0701924348040959
R2: 0.7214345681069676 +- 0.0
MAE: 0.0701924348040959 +- 0.0
