Fold: 1 	 Test r2: 0.8345 	 Test Loss: 0.0061 	 Test MAE: 0.0557
Fold: 2 	 Test r2: 0.6881 	 Test Loss: 0.0147 	 Test MAE: 0.0746
Fold: 3 	 Test r2: 0.6626 	 Test Loss: 0.0112 	 Test MAE: 0.0555
Fold: 4 	 Test r2: 0.9151 	 Test Loss: 0.0023 	 Test MAE: 0.0359
Fold: 5 	 Test r2: 0.7651 	 Test Loss: 0.0199 	 Test MAE: 0.0632
Final avg. r2:  0.7730986073903244
Final avg. MSE: 0.010827685666890711
Final avg. MAE: 0.05696310751697644
R2: 0.7730986073903244 +- 0.0
MAE: 0.05696310751697644 +- 0.0
