Fold: 1 	 Test r2: 0.4762 	 Test Loss: 0.0330 	 Test MAE: 0.0863
Fold: 2 	 Test r2: 0.8889 	 Test Loss: 0.0040 	 Test MAE: 0.0419
Fold: 3 	 Test r2: 0.7175 	 Test Loss: 0.0143 	 Test MAE: 0.0783
Fold: 4 	 Test r2: 0.8786 	 Test Loss: 0.0055 	 Test MAE: 0.0478
Fold: 5 	 Test r2: 0.7262 	 Test Loss: 0.0098 	 Test MAE: 0.0674
Final avg. r2:  0.7374830399465804
Final avg. MSE: 0.013326255071773197
Final avg. MAE: 0.06433041604476518
R2: 0.7374830399465804 +- 0.0
MAE: 0.06433041604476518 +- 0.0
