Fold: 1 	 Test r2: 0.7324 	 Test Loss: 0.0175 	 Test MAE: 0.0714
Fold: 2 	 Test r2: 0.6582 	 Test Loss: 0.0119 	 Test MAE: 0.0638
Fold: 3 	 Test r2: 0.7967 	 Test Loss: 0.0127 	 Test MAE: 0.0798
Fold: 4 	 Test r2: 0.8290 	 Test Loss: 0.0055 	 Test MAE: 0.0490
Fold: 5 	 Test r2: 0.8524 	 Test Loss: 0.0052 	 Test MAE: 0.0481
Final avg. r2:  0.773749733259304
Final avg. MSE: 0.01056199709035969
Final avg. MAE: 0.06245008081729923
R2: 0.773749733259304 +- 0.0
MAE: 0.06245008081729923 +- 0.0
