Fold: 1 	 Test r2: 0.8600 	 Test Loss: 0.0059 	 Test MAE: 0.0531
Fold: 2 	 Test r2: 0.7497 	 Test Loss: 0.0151 	 Test MAE: 0.0701
Fold: 3 	 Test r2: 0.8752 	 Test Loss: 0.0056 	 Test MAE: 0.0457
Fold: 4 	 Test r2: 0.8328 	 Test Loss: 0.0075 	 Test MAE: 0.0445
Fold: 5 	 Test r2: 0.8319 	 Test Loss: 0.0073 	 Test MAE: 0.0559
Final avg. r2:  0.8299240743730778
Final avg. MSE: 0.008285170740240795
Final avg. MAE: 0.0538600594476879
R2: 0.8299240743730778 +- 0.0
MAE: 0.0538600594476879 +- 0.0
