Fold: 1 	 Test r2: 0.8884 	 Test Loss: 0.0041 	 Test MAE: 0.0396
Fold: 2 	 Test r2: 0.7306 	 Test Loss: 0.0082 	 Test MAE: 0.0550
Fold: 3 	 Test r2: 0.7011 	 Test Loss: 0.0199 	 Test MAE: 0.0774
Fold: 4 	 Test r2: 0.7764 	 Test Loss: 0.0114 	 Test MAE: 0.0668
Fold: 5 	 Test r2: 0.7334 	 Test Loss: 0.0124 	 Test MAE: 0.0797
Final avg. r2:  0.765970195077541
Final avg. MSE: 0.011207663870742991
Final avg. MAE: 0.06372454879666065
R2: 0.765970195077541 +- 0.0
MAE: 0.06372454879666065 +- 0.0
