Fold: 1 	 Test r2: 0.7850 	 Test Loss: 0.0075 	 Test MAE: 0.0636
Fold: 2 	 Test r2: 0.7391 	 Test Loss: 0.0077 	 Test MAE: 0.0577
Fold: 3 	 Test r2: 0.7130 	 Test Loss: 0.0107 	 Test MAE: 0.0607
Fold: 4 	 Test r2: 0.9229 	 Test Loss: 0.0037 	 Test MAE: 0.0423
Fold: 5 	 Test r2: 0.7462 	 Test Loss: 0.0211 	 Test MAE: 0.0638
Final avg. r2:  0.7812326430417802
Final avg. MSE: 0.01011844171679226
Final avg. MAE: 0.05762235937310624
R2: 0.7812326430417802 +- 0.0
MAE: 0.05762235937310624 +- 0.0
