Fold: 1 	 Test r2: 0.5781 	 Test Loss: 0.0134 	 Test MAE: 0.0778
Fold: 2 	 Test r2: 0.7856 	 Test Loss: 0.0089 	 Test MAE: 0.0677
Fold: 3 	 Test r2: 0.6529 	 Test Loss: 0.0152 	 Test MAE: 0.0657
Fold: 4 	 Test r2: 0.6807 	 Test Loss: 0.0226 	 Test MAE: 0.0804
Fold: 5 	 Test r2: 0.8261 	 Test Loss: 0.0082 	 Test MAE: 0.0545
Final avg. r2:  0.7046796186637533
Final avg. MSE: 0.013645247992741357
Final avg. MAE: 0.06921116186331222
R2: 0.7046796186637533 +- 0.0
MAE: 0.06921116186331222 +- 0.0
