Fold: 1 	 Test r2: 0.6552 	 Test Loss: 0.0186 	 Test MAE: 0.0832
Fold: 2 	 Test r2: 0.6726 	 Test Loss: 0.0230 	 Test MAE: 0.0680
Fold: 3 	 Test r2: 0.5651 	 Test Loss: 0.0132 	 Test MAE: 0.0662
Fold: 4 	 Test r2: 0.8143 	 Test Loss: 0.0067 	 Test MAE: 0.0562
Fold: 5 	 Test r2: 0.7586 	 Test Loss: 0.0094 	 Test MAE: 0.0656
Final avg. r2:  0.6931483866757786
Final avg. MSE: 0.01417852414235316
Final avg. MAE: 0.06785356918806021
R2: 0.6931483866757786 +- 0.0
MAE: 0.06785356918806021 +- 0.0
