Fold: 1 	 Test r2: 0.6718 	 Test Loss: 0.0209 	 Test MAE: 0.0770
Fold: 2 	 Test r2: 0.7377 	 Test Loss: 0.0113 	 Test MAE: 0.0758
Fold: 3 	 Test r2: 0.8042 	 Test Loss: 0.0107 	 Test MAE: 0.0637
Fold: 4 	 Test r2: 0.8480 	 Test Loss: 0.0058 	 Test MAE: 0.0523
Fold: 5 	 Test r2: 0.7663 	 Test Loss: 0.0081 	 Test MAE: 0.0619
Final avg. r2:  0.7655933815083571
Final avg. MSE: 0.011352944053659528
Final avg. MAE: 0.06614924689286014
R2: 0.7655933815083571 +- 0.0
MAE: 0.06614924689286014 +- 0.0
