Fold: 1 	 Test r2: 0.8169 	 Test Loss: 0.0094 	 Test MAE: 0.0550
Fold: 2 	 Test r2: 0.8858 	 Test Loss: 0.0054 	 Test MAE: 0.0498
Fold: 3 	 Test r2: 0.7949 	 Test Loss: 0.0128 	 Test MAE: 0.0593
Fold: 4 	 Test r2: 0.8503 	 Test Loss: 0.0053 	 Test MAE: 0.0496
Fold: 5 	 Test r2: 0.5528 	 Test Loss: 0.0177 	 Test MAE: 0.0658
Final avg. r2:  0.7801303001362069
Final avg. MSE: 0.010102374515154073
Final avg. MAE: 0.055918043987432706
R2: 0.7801303001362069 +- 0.0
MAE: 0.055918043987432706 +- 0.0
