Fold: 1 	 Test r2: 0.7375 	 Test Loss: 0.0141 	 Test MAE: 0.0796
Fold: 2 	 Test r2: 0.7750 	 Test Loss: 0.0118 	 Test MAE: 0.0703
Fold: 3 	 Test r2: 0.6805 	 Test Loss: 0.0096 	 Test MAE: 0.0652
Fold: 4 	 Test r2: 0.8008 	 Test Loss: 0.0067 	 Test MAE: 0.0445
Fold: 5 	 Test r2: 0.6116 	 Test Loss: 0.0240 	 Test MAE: 0.0735
Final avg. r2:  0.7210906731905355
Final avg. MSE: 0.013247976544052482
Final avg. MAE: 0.06662007685383262
R2: 0.7210906731905355 +- 0.0
MAE: 0.06662007685383262 +- 0.0
