Fold: 1 	 Test r2: 0.6499 	 Test Loss: 0.0164 	 Test MAE: 0.0721
Fold: 2 	 Test r2: 0.6444 	 Test Loss: 0.0220 	 Test MAE: 0.0689
Fold: 3 	 Test r2: 0.7332 	 Test Loss: 0.0112 	 Test MAE: 0.0702
Fold: 4 	 Test r2: 0.7383 	 Test Loss: 0.0105 	 Test MAE: 0.0617
Fold: 5 	 Test r2: 0.7804 	 Test Loss: 0.0097 	 Test MAE: 0.0680
Final avg. r2:  0.7092199182552441
Final avg. MSE: 0.013951604982164915
Final avg. MAE: 0.06818174976272648
R2: 0.7092199182552441 +- 0.0
MAE: 0.06818174976272648 +- 0.0
