Fold: 1 	 Test r2: 0.7295 	 Test Loss: 0.0089 	 Test MAE: 0.0593
Fold: 2 	 Test r2: 0.7095 	 Test Loss: 0.0135 	 Test MAE: 0.0699
Fold: 3 	 Test r2: 0.7959 	 Test Loss: 0.0158 	 Test MAE: 0.0732
Fold: 4 	 Test r2: 0.6862 	 Test Loss: 0.0128 	 Test MAE: 0.0615
Fold: 5 	 Test r2: 0.8369 	 Test Loss: 0.0053 	 Test MAE: 0.0545
Final avg. r2:  0.7515944589499652
Final avg. MSE: 0.011261091018847275
Final avg. MAE: 0.06369185009210998
R2: 0.7515944589499652 +- 0.0
MAE: 0.06369185009210998 +- 0.0
