Fold: 1 	 Test r2: 0.8075 	 Test Loss: 0.0089 	 Test MAE: 0.0652
Fold: 2 	 Test r2: 0.7660 	 Test Loss: 0.0115 	 Test MAE: 0.0539
Fold: 3 	 Test r2: 0.5285 	 Test Loss: 0.0270 	 Test MAE: 0.0736
Fold: 4 	 Test r2: 0.7065 	 Test Loss: 0.0111 	 Test MAE: 0.0640
Fold: 5 	 Test r2: 0.8138 	 Test Loss: 0.0072 	 Test MAE: 0.0562
Final avg. r2:  0.7244733007988848
Final avg. MSE: 0.013121115286445809
Final avg. MAE: 0.0625914559230766
R2: 0.7244733007988848 +- 0.0
MAE: 0.0625914559230766 +- 0.0
