Fold: 1 	 Test r2: 0.8577 	 Test Loss: 0.0046 	 Test MAE: 0.0463
Fold: 2 	 Test r2: 0.8436 	 Test Loss: 0.0056 	 Test MAE: 0.0486
Fold: 3 	 Test r2: 0.6903 	 Test Loss: 0.0249 	 Test MAE: 0.0690
Fold: 4 	 Test r2: 0.8726 	 Test Loss: 0.0060 	 Test MAE: 0.0470
Fold: 5 	 Test r2: 0.7404 	 Test Loss: 0.0098 	 Test MAE: 0.0652
Final avg. r2:  0.8009217328376493
Final avg. MSE: 0.010193982529820272
Final avg. MAE: 0.05523052415968914
R2: 0.8009217328376493 +- 0.0
MAE: 0.05523052415968914 +- 0.0
