Fold: 1 	 Test r2: 0.8673 	 Test Loss: 0.0047 	 Test MAE: 0.0445
Fold: 2 	 Test r2: 0.8129 	 Test Loss: 0.0128 	 Test MAE: 0.0586
Fold: 3 	 Test r2: 0.7311 	 Test Loss: 0.0101 	 Test MAE: 0.0599
Fold: 4 	 Test r2: 0.8645 	 Test Loss: 0.0069 	 Test MAE: 0.0523
Fold: 5 	 Test r2: 0.6853 	 Test Loss: 0.0138 	 Test MAE: 0.0610
Final avg. r2:  0.7922292069316516
Final avg. MSE: 0.009645728685495267
Final avg. MAE: 0.055241814796768485
R2: 0.7922292069316516 +- 0.0
MAE: 0.055241814796768485 +- 0.0
