Fold: 1 	 Test r2: 0.7214 	 Test Loss: 0.0227 	 Test MAE: 0.0692
Fold: 2 	 Test r2: 0.8468 	 Test Loss: 0.0076 	 Test MAE: 0.0561
Fold: 3 	 Test r2: 0.8461 	 Test Loss: 0.0048 	 Test MAE: 0.0433
Fold: 4 	 Test r2: 0.6210 	 Test Loss: 0.0127 	 Test MAE: 0.0651
Fold: 5 	 Test r2: 0.7528 	 Test Loss: 0.0079 	 Test MAE: 0.0555
Final avg. r2:  0.7576230973635572
Final avg. MSE: 0.011149435333659221
Final avg. MAE: 0.05785125263580153
R2: 0.7576230973635572 +- 0.0
MAE: 0.05785125263580153 +- 0.0
