Fold: 1 	 Test r2: 0.7520 	 Test Loss: 0.0113 	 Test MAE: 0.0634
Fold: 2 	 Test r2: 0.6214 	 Test Loss: 0.0148 	 Test MAE: 0.0837
Fold: 3 	 Test r2: 0.6475 	 Test Loss: 0.0260 	 Test MAE: 0.0831
Fold: 4 	 Test r2: 0.8465 	 Test Loss: 0.0055 	 Test MAE: 0.0531
Fold: 5 	 Test r2: 0.6305 	 Test Loss: 0.0145 	 Test MAE: 0.0777
Final avg. r2:  0.6995876184048457
Final avg. MSE: 0.01444983250618465
Final avg. MAE: 0.0721802771750356
R2: 0.6995876184048457 +- 0.0
MAE: 0.0721802771750356 +- 0.0
