Fold: 1 	 Test r2: 0.8567 	 Test Loss: 0.0074 	 Test MAE: 0.0510
Fold: 2 	 Test r2: 0.8343 	 Test Loss: 0.0079 	 Test MAE: 0.0542
Fold: 3 	 Test r2: 0.8895 	 Test Loss: 0.0034 	 Test MAE: 0.0440
Fold: 4 	 Test r2: 0.6577 	 Test Loss: 0.0216 	 Test MAE: 0.0813
Fold: 5 	 Test r2: 0.7721 	 Test Loss: 0.0091 	 Test MAE: 0.0548
Final avg. r2:  0.802057242005248
Final avg. MSE: 0.00988809677772522
Final avg. MAE: 0.05705095748702178
R2: 0.802057242005248 +- 0.0
MAE: 0.05705095748702178 +- 0.0
