Fold: 1 	 Test r2: 0.8484 	 Test Loss: 0.0054 	 Test MAE: 0.0493
Fold: 2 	 Test r2: 0.8041 	 Test Loss: 0.0074 	 Test MAE: 0.0555
Fold: 3 	 Test r2: 0.9133 	 Test Loss: 0.0032 	 Test MAE: 0.0454
Fold: 4 	 Test r2: 0.6201 	 Test Loss: 0.0160 	 Test MAE: 0.0784
Fold: 5 	 Test r2: 0.5943 	 Test Loss: 0.0333 	 Test MAE: 0.0707
Final avg. r2:  0.7560389932007336
Final avg. MSE: 0.013053540098940452
Final avg. MAE: 0.059867210064058006
R2: 0.7560389932007336 +- 0.0
MAE: 0.059867210064058006 +- 0.0
