Fold: 1 	 Test r2: 0.6557 	 Test Loss: 0.0102 	 Test MAE: 0.0607
Fold: 2 	 Test r2: 0.8966 	 Test Loss: 0.0040 	 Test MAE: 0.0427
Fold: 3 	 Test r2: 0.7405 	 Test Loss: 0.0116 	 Test MAE: 0.0794
Fold: 4 	 Test r2: 0.7738 	 Test Loss: 0.0092 	 Test MAE: 0.0616
Fold: 5 	 Test r2: 0.7290 	 Test Loss: 0.0223 	 Test MAE: 0.0833
Final avg. r2:  0.7591259789919932
Final avg. MSE: 0.01144681661291094
Final avg. MAE: 0.06555316049263489
R2: 0.7591259789919932 +- 0.0
MAE: 0.06555316049263489 +- 0.0
