Fold: 1 	 Test r2: 0.7323 	 Test Loss: 0.0181 	 Test MAE: 0.0680
Fold: 2 	 Test r2: 0.8663 	 Test Loss: 0.0038 	 Test MAE: 0.0392
Fold: 3 	 Test r2: 0.8943 	 Test Loss: 0.0043 	 Test MAE: 0.0471
Fold: 4 	 Test r2: 0.8200 	 Test Loss: 0.0086 	 Test MAE: 0.0543
Fold: 5 	 Test r2: 0.7126 	 Test Loss: 0.0136 	 Test MAE: 0.0614
Final avg. r2:  0.8050864271495051
Final avg. MSE: 0.00968184531518422
Final avg. MAE: 0.053976115528620826
R2: 0.8050864271495051 +- 0.0
MAE: 0.053976115528620826 +- 0.0
