Fold: 1 	 Test r2: 0.8444 	 Test Loss: 0.0052 	 Test MAE: 0.0507
Fold: 2 	 Test r2: 0.8059 	 Test Loss: 0.0107 	 Test MAE: 0.0479
Fold: 3 	 Test r2: 0.8803 	 Test Loss: 0.0048 	 Test MAE: 0.0406
Fold: 4 	 Test r2: 0.8379 	 Test Loss: 0.0118 	 Test MAE: 0.0706
Fold: 5 	 Test r2: 0.7198 	 Test Loss: 0.0076 	 Test MAE: 0.0536
Final avg. r2:  0.8176532556594598
Final avg. MSE: 0.00802133326946242
Final avg. MAE: 0.05266798234918492
R2: 0.8176532556594598 +- 0.0
MAE: 0.05266798234918492 +- 0.0
