Fold: 1 	 Test r2: 0.7138 	 Test Loss: 0.0078 	 Test MAE: 0.0541
Fold: 2 	 Test r2: 0.7598 	 Test Loss: 0.0103 	 Test MAE: 0.0636
Fold: 3 	 Test r2: 0.7432 	 Test Loss: 0.0194 	 Test MAE: 0.0665
Fold: 4 	 Test r2: 0.8207 	 Test Loss: 0.0080 	 Test MAE: 0.0660
Fold: 5 	 Test r2: 0.7747 	 Test Loss: 0.0098 	 Test MAE: 0.0515
Final avg. r2:  0.7624409652829184
Final avg. MSE: 0.01104677343192435
Final avg. MAE: 0.06031412713761841
R2: 0.7624409652829184 +- 0.0
MAE: 0.06031412713761841 +- 0.0
