Fold: 1 	 Test r2: 0.8871 	 Test Loss: 0.0061 	 Test MAE: 0.0528
Fold: 2 	 Test r2: 0.7976 	 Test Loss: 0.0125 	 Test MAE: 0.0622
Fold: 3 	 Test r2: 0.8892 	 Test Loss: 0.0046 	 Test MAE: 0.0381
Fold: 4 	 Test r2: 0.8133 	 Test Loss: 0.0064 	 Test MAE: 0.0543
Fold: 5 	 Test r2: 0.6642 	 Test Loss: 0.0136 	 Test MAE: 0.0632
Final avg. r2:  0.8102711081455711
Final avg. MSE: 0.008636956934964028
Final avg. MAE: 0.05412908655204842
R2: 0.8102711081455711 +- 0.0
MAE: 0.05412908655204842 +- 0.0
