Fold: 1 	 Test r2: 0.7978 	 Test Loss: 0.0065 	 Test MAE: 0.0544
Fold: 2 	 Test r2: 0.8817 	 Test Loss: 0.0055 	 Test MAE: 0.0514
Fold: 3 	 Test r2: 0.7607 	 Test Loss: 0.0104 	 Test MAE: 0.0641
Fold: 4 	 Test r2: 0.6451 	 Test Loss: 0.0130 	 Test MAE: 0.0771
Fold: 5 	 Test r2: 0.6704 	 Test Loss: 0.0237 	 Test MAE: 0.0721
Final avg. r2:  0.7511466585307665
Final avg. MSE: 0.011803199758900864
Final avg. MAE: 0.06381414918748497
R2: 0.7511466585307665 +- 0.0
MAE: 0.06381414918748497 +- 0.0
