Fold: 1 	 Test r2: 0.8376 	 Test Loss: 0.0060 	 Test MAE: 0.0537
Fold: 2 	 Test r2: 0.8705 	 Test Loss: 0.0065 	 Test MAE: 0.0569
Fold: 3 	 Test r2: 0.7608 	 Test Loss: 0.0077 	 Test MAE: 0.0571
Fold: 4 	 Test r2: 0.7878 	 Test Loss: 0.0089 	 Test MAE: 0.0621
Fold: 5 	 Test r2: 0.6211 	 Test Loss: 0.0272 	 Test MAE: 0.0808
Final avg. r2:  0.7755651147399292
Final avg. MSE: 0.011258085941706538
Final avg. MAE: 0.062096527879614206
R2: 0.7755651147399292 +- 0.0
MAE: 0.062096527879614206 +- 0.0
