Fold: 1 	 Test r2: 0.7739 	 Test Loss: 0.0103 	 Test MAE: 0.0720
Fold: 2 	 Test r2: 0.7071 	 Test Loss: 0.0229 	 Test MAE: 0.0647
Fold: 3 	 Test r2: 0.7953 	 Test Loss: 0.0071 	 Test MAE: 0.0513
Fold: 4 	 Test r2: 0.6656 	 Test Loss: 0.0114 	 Test MAE: 0.0639
Fold: 5 	 Test r2: 0.7865 	 Test Loss: 0.0087 	 Test MAE: 0.0631
Final avg. r2:  0.745677593282295
Final avg. MSE: 0.012069745689205673
Final avg. MAE: 0.06300562126498645
R2: 0.745677593282295 +- 0.0
MAE: 0.06300562126498645 +- 0.0
