Fold: 1 	 Test r2: 0.8911 	 Test Loss: 0.0044 	 Test MAE: 0.0445
Fold: 2 	 Test r2: 0.8248 	 Test Loss: 0.0101 	 Test MAE: 0.0450
Fold: 3 	 Test r2: 0.8348 	 Test Loss: 0.0063 	 Test MAE: 0.0527
Fold: 4 	 Test r2: 0.6803 	 Test Loss: 0.0189 	 Test MAE: 0.0633
Fold: 5 	 Test r2: 0.6212 	 Test Loss: 0.0139 	 Test MAE: 0.0728
Final avg. r2:  0.7704439524483796
Final avg. MSE: 0.010719183398421862
Final avg. MAE: 0.055640260391824306
R2: 0.7704439524483796 +- 0.0
MAE: 0.055640260391824306 +- 0.0
