Fold: 1 	 Test r2: 0.7959 	 Test Loss: 0.0082 	 Test MAE: 0.0654
Fold: 2 	 Test r2: 0.5581 	 Test Loss: 0.0189 	 Test MAE: 0.0732
Fold: 3 	 Test r2: 0.8173 	 Test Loss: 0.0090 	 Test MAE: 0.0647
Fold: 4 	 Test r2: 0.6931 	 Test Loss: 0.0113 	 Test MAE: 0.0691
Fold: 5 	 Test r2: 0.6824 	 Test Loss: 0.0209 	 Test MAE: 0.0682
Final avg. r2:  0.7093530384120355
Final avg. MSE: 0.013688564946494045
Final avg. MAE: 0.06814472184320089
R2: 0.7093530384120355 +- 0.0
MAE: 0.06814472184320089 +- 0.0
