Fold: 1 	 Test r2: 0.7451 	 Test Loss: 0.0119 	 Test MAE: 0.0779
Fold: 2 	 Test r2: 0.4758 	 Test Loss: 0.0370 	 Test MAE: 0.0802
Fold: 3 	 Test r2: 0.8587 	 Test Loss: 0.0050 	 Test MAE: 0.0441
Fold: 4 	 Test r2: 0.7467 	 Test Loss: 0.0092 	 Test MAE: 0.0656
Fold: 5 	 Test r2: 0.8560 	 Test Loss: 0.0065 	 Test MAE: 0.0568
Final avg. r2:  0.7364597247762783
Final avg. MSE: 0.013931171970246589
Final avg. MAE: 0.06491446717686597
R2: 0.7364597247762783 +- 0.0
MAE: 0.06491446717686597 +- 0.0
