Fold: 1 	 Test r2: 0.4696 	 Test Loss: 0.0178 	 Test MAE: 0.0935
Fold: 2 	 Test r2: 0.8352 	 Test Loss: 0.0061 	 Test MAE: 0.0523
Fold: 3 	 Test r2: 0.7631 	 Test Loss: 0.0134 	 Test MAE: 0.0762
Fold: 4 	 Test r2: 0.6080 	 Test Loss: 0.0274 	 Test MAE: 0.0749
Fold: 5 	 Test r2: 0.6696 	 Test Loss: 0.0117 	 Test MAE: 0.0674
Final avg. r2:  0.6690831429522988
Final avg. MSE: 0.015275138146706349
Final avg. MAE: 0.07286489181296558
R2: 0.6690831429522988 +- 0.0
MAE: 0.07286489181296558 +- 0.0
