Fold: 1 	 Test r2: 0.8518 	 Test Loss: 0.0070 	 Test MAE: 0.0485
Fold: 2 	 Test r2: 0.8717 	 Test Loss: 0.0084 	 Test MAE: 0.0617
Fold: 3 	 Test r2: 0.7997 	 Test Loss: 0.0097 	 Test MAE: 0.0655
Fold: 4 	 Test r2: 0.6669 	 Test Loss: 0.0112 	 Test MAE: 0.0456
Fold: 5 	 Test r2: 0.8477 	 Test Loss: 0.0060 	 Test MAE: 0.0532
Final avg. r2:  0.807564800473321
Final avg. MSE: 0.008457719200205393
Final avg. MAE: 0.05489046170952775
R2: 0.807564800473321 +- 0.0
MAE: 0.05489046170952775 +- 0.0
