Fold: 1 	 Test r2: 0.8146 	 Test Loss: 0.0092 	 Test MAE: 0.0644
Fold: 2 	 Test r2: 0.7216 	 Test Loss: 0.0190 	 Test MAE: 0.0766
Fold: 3 	 Test r2: 0.6709 	 Test Loss: 0.0121 	 Test MAE: 0.0539
Fold: 4 	 Test r2: 0.9218 	 Test Loss: 0.0027 	 Test MAE: 0.0313
Fold: 5 	 Test r2: 0.8804 	 Test Loss: 0.0051 	 Test MAE: 0.0497
Final avg. r2:  0.8018526706203606
Final avg. MSE: 0.009658714801020176
Final avg. MAE: 0.05519471649574685
R2: 0.8018526706203606 +- 0.0
MAE: 0.05519471649574685 +- 0.0
