Fold: 1 	 Test r2: 0.7374 	 Test Loss: 0.0106 	 Test MAE: 0.0691
Fold: 2 	 Test r2: 0.7252 	 Test Loss: 0.0208 	 Test MAE: 0.0612
Fold: 3 	 Test r2: 0.7840 	 Test Loss: 0.0075 	 Test MAE: 0.0596
Fold: 4 	 Test r2: 0.6933 	 Test Loss: 0.0112 	 Test MAE: 0.0666
Fold: 5 	 Test r2: 0.8615 	 Test Loss: 0.0061 	 Test MAE: 0.0533
Final avg. r2:  0.7602781931151953
Final avg. MSE: 0.011227662863224784
Final avg. MAE: 0.06196588881972696
R2: 0.7602781931151953 +- 0.0
MAE: 0.06196588881972696 +- 0.0
