Fold: 1 	 Test r2: 0.8143 	 Test Loss: 0.0063 	 Test MAE: 0.0498
Fold: 2 	 Test r2: 0.8205 	 Test Loss: 0.0070 	 Test MAE: 0.0488
Fold: 3 	 Test r2: 0.8752 	 Test Loss: 0.0047 	 Test MAE: 0.0456
Fold: 4 	 Test r2: 0.7582 	 Test Loss: 0.0199 	 Test MAE: 0.0646
Fold: 5 	 Test r2: 0.6630 	 Test Loss: 0.0115 	 Test MAE: 0.0538
Final avg. r2:  0.786230827209943
Final avg. MSE: 0.009887869403365845
Final avg. MAE: 0.05252075639306283
R2: 0.786230827209943 +- 0.0
MAE: 0.05252075639306283 +- 0.0
