Fold: 1 	 Test r2: 0.7729 	 Test Loss: 0.0076 	 Test MAE: 0.0475
Fold: 2 	 Test r2: 0.8283 	 Test Loss: 0.0119 	 Test MAE: 0.0497
Fold: 3 	 Test r2: 0.8287 	 Test Loss: 0.0066 	 Test MAE: 0.0525
Fold: 4 	 Test r2: 0.9178 	 Test Loss: 0.0039 	 Test MAE: 0.0411
Fold: 5 	 Test r2: 0.7261 	 Test Loss: 0.0121 	 Test MAE: 0.0604
Final avg. r2:  0.8147494210542462
Final avg. MSE: 0.00841485110416339
Final avg. MAE: 0.050255991444371796
R2: 0.8147494210542462 +- 0.0
MAE: 0.050255991444371796 +- 0.0
