Fold: 1 	 Test r2: 0.8257 	 Test Loss: 0.0059 	 Test MAE: 0.0574
Fold: 2 	 Test r2: 0.7910 	 Test Loss: 0.0109 	 Test MAE: 0.0629
Fold: 3 	 Test r2: 0.6983 	 Test Loss: 0.0143 	 Test MAE: 0.0748
Fold: 4 	 Test r2: 0.5883 	 Test Loss: 0.0241 	 Test MAE: 0.0684
Fold: 5 	 Test r2: 0.8231 	 Test Loss: 0.0077 	 Test MAE: 0.0592
Final avg. r2:  0.7452857463123728
Final avg. MSE: 0.012586691415138605
Final avg. MAE: 0.06453704910010707
R2: 0.7452857463123728 +- 0.0
MAE: 0.06453704910010707 +- 0.0
