Fold: 1 	 Test r2: 0.8488 	 Test Loss: 0.0066 	 Test MAE: 0.0500
Fold: 2 	 Test r2: 0.6726 	 Test Loss: 0.0218 	 Test MAE: 0.0853
Fold: 3 	 Test r2: 0.7500 	 Test Loss: 0.0131 	 Test MAE: 0.0643
Fold: 4 	 Test r2: 0.7595 	 Test Loss: 0.0085 	 Test MAE: 0.0687
Fold: 5 	 Test r2: 0.7202 	 Test Loss: 0.0099 	 Test MAE: 0.0642
Final avg. r2:  0.7502335490099313
Final avg. MSE: 0.011970664900795413
Final avg. MAE: 0.06650367628871685
R2: 0.7502335490099313 +- 0.0
MAE: 0.06650367628871685 +- 0.0
