Fold: 1 	 Test r2: 0.5754 	 Test Loss: 0.0259 	 Test MAE: 0.0888
Fold: 2 	 Test r2: 0.6491 	 Test Loss: 0.0154 	 Test MAE: 0.0839
Fold: 3 	 Test r2: 0.7637 	 Test Loss: 0.0133 	 Test MAE: 0.0571
Fold: 4 	 Test r2: 0.8007 	 Test Loss: 0.0101 	 Test MAE: 0.0618
Fold: 5 	 Test r2: 0.7968 	 Test Loss: 0.0029 	 Test MAE: 0.0384
Final avg. r2:  0.7171263701917698
Final avg. MSE: 0.013506736115997823
Final avg. MAE: 0.06600888207124002
R2: 0.7171263701917698 +- 0.0
MAE: 0.06600888207124002 +- 0.0
