Fold: 1 	 Test r2: 0.5798 	 Test Loss: 0.0114 	 Test MAE: 0.0708
Fold: 2 	 Test r2: 0.7364 	 Test Loss: 0.0183 	 Test MAE: 0.0675
Fold: 3 	 Test r2: 0.7368 	 Test Loss: 0.0085 	 Test MAE: 0.0595
Fold: 4 	 Test r2: 0.7743 	 Test Loss: 0.0126 	 Test MAE: 0.0541
Fold: 5 	 Test r2: 0.8064 	 Test Loss: 0.0094 	 Test MAE: 0.0573
Final avg. r2:  0.726751246441557
Final avg. MSE: 0.012023088115312167
Final avg. MAE: 0.061838192051770734
R2: 0.726751246441557 +- 0.0
MAE: 0.061838192051770734 +- 0.0
