Fold: 1 	 Test r2: 0.8917 	 Test Loss: 0.0050 	 Test MAE: 0.0489
Fold: 2 	 Test r2: 0.5317 	 Test Loss: 0.0288 	 Test MAE: 0.0912
Fold: 3 	 Test r2: 0.7721 	 Test Loss: 0.0099 	 Test MAE: 0.0666
Fold: 4 	 Test r2: 0.7659 	 Test Loss: 0.0086 	 Test MAE: 0.0649
Fold: 5 	 Test r2: 0.8967 	 Test Loss: 0.0050 	 Test MAE: 0.0472
Final avg. r2:  0.7716440453223459
Final avg. MSE: 0.011438401350579929
Final avg. MAE: 0.06376223199728395
R2: 0.7716440453223459 +- 0.0
MAE: 0.06376223199728395 +- 0.0
