Fold: 1 	 Test r2: 0.8891 	 Test Loss: 0.0058 	 Test MAE: 0.0448
Fold: 2 	 Test r2: 0.6599 	 Test Loss: 0.0104 	 Test MAE: 0.0646
Fold: 3 	 Test r2: 0.7963 	 Test Loss: 0.0078 	 Test MAE: 0.0543
Fold: 4 	 Test r2: 0.7790 	 Test Loss: 0.0090 	 Test MAE: 0.0566
Fold: 5 	 Test r2: 0.7840 	 Test Loss: 0.0149 	 Test MAE: 0.0811
Final avg. r2:  0.781633487397525
Final avg. MSE: 0.0095764209335103
Final avg. MAE: 0.06027545514801631
R2: 0.781633487397525 +- 0.0
MAE: 0.06027545514801631 +- 0.0
