Fold: 1 	 Test r2: 0.8047 	 Test Loss: 0.0088 	 Test MAE: 0.0520
Fold: 2 	 Test r2: 0.7383 	 Test Loss: 0.0094 	 Test MAE: 0.0543
Fold: 3 	 Test r2: 0.8963 	 Test Loss: 0.0051 	 Test MAE: 0.0491
Fold: 4 	 Test r2: 0.5630 	 Test Loss: 0.0136 	 Test MAE: 0.0654
Fold: 5 	 Test r2: 0.7887 	 Test Loss: 0.0149 	 Test MAE: 0.0678
Final avg. r2:  0.7582302742101278
Final avg. MSE: 0.010373208728589964
Final avg. MAE: 0.057717228860778055
R2: 0.7582302742101278 +- 0.0
MAE: 0.057717228860778055 +- 0.0
