Fold: 1 	 Test r2: 0.7681 	 Test Loss: 0.0127 	 Test MAE: 0.0661
Fold: 2 	 Test r2: 0.6489 	 Test Loss: 0.0268 	 Test MAE: 0.0844
Fold: 3 	 Test r2: 0.7970 	 Test Loss: 0.0062 	 Test MAE: 0.0498
Fold: 4 	 Test r2: 0.6078 	 Test Loss: 0.0120 	 Test MAE: 0.0579
Fold: 5 	 Test r2: 0.8880 	 Test Loss: 0.0044 	 Test MAE: 0.0431
Final avg. r2:  0.7419715239928422
Final avg. MSE: 0.01241867258942086
Final avg. MAE: 0.060281995415282084
R2: 0.7419715239928422 +- 0.0
MAE: 0.060281995415282084 +- 0.0
