Fold: 1 	 Test r2: 0.8126 	 Test Loss: 0.0101 	 Test MAE: 0.0602
Fold: 2 	 Test r2: 0.8822 	 Test Loss: 0.0046 	 Test MAE: 0.0510
Fold: 3 	 Test r2: 0.6176 	 Test Loss: 0.0274 	 Test MAE: 0.0760
Fold: 4 	 Test r2: 0.7388 	 Test Loss: 0.0071 	 Test MAE: 0.0647
Fold: 5 	 Test r2: 0.7795 	 Test Loss: 0.0094 	 Test MAE: 0.0590
Final avg. r2:  0.7661546755674309
Final avg. MSE: 0.011729643699621976
Final avg. MAE: 0.06217500976141112
R2: 0.7661546755674309 +- 0.0
MAE: 0.06217500976141112 +- 0.0
