Fold: 1 	 Test r2: 0.5591 	 Test Loss: 0.0273 	 Test MAE: 0.0797
Fold: 2 	 Test r2: 0.7166 	 Test Loss: 0.0102 	 Test MAE: 0.0639
Fold: 3 	 Test r2: 0.7270 	 Test Loss: 0.0109 	 Test MAE: 0.0662
Fold: 4 	 Test r2: 0.7232 	 Test Loss: 0.0135 	 Test MAE: 0.0677
Fold: 5 	 Test r2: 0.5651 	 Test Loss: 0.0213 	 Test MAE: 0.0834
Final avg. r2:  0.6581970733380715
Final avg. MSE: 0.016643104552112098
Final avg. MAE: 0.0721761196883408
R2: 0.6581970733380715 +- 0.0
MAE: 0.0721761196883408 +- 0.0
