Fold: 1 	 Test r2: 0.7735 	 Test Loss: 0.0062 	 Test MAE: 0.0533
Fold: 2 	 Test r2: 0.8237 	 Test Loss: 0.0085 	 Test MAE: 0.0491
Fold: 3 	 Test r2: 0.7069 	 Test Loss: 0.0106 	 Test MAE: 0.0654
Fold: 4 	 Test r2: 0.8508 	 Test Loss: 0.0074 	 Test MAE: 0.0522
Fold: 5 	 Test r2: 0.6576 	 Test Loss: 0.0243 	 Test MAE: 0.0664
Final avg. r2:  0.7624973525779678
Final avg. MSE: 0.01140322652250381
Final avg. MAE: 0.057278130511392134
R2: 0.7624973525779678 +- 0.0
MAE: 0.057278130511392134 +- 0.0
