Fold: 1 	 Test r2: 0.8827 	 Test Loss: 0.0049 	 Test MAE: 0.0449
Fold: 2 	 Test r2: 0.8733 	 Test Loss: 0.0060 	 Test MAE: 0.0487
Fold: 3 	 Test r2: 0.6576 	 Test Loss: 0.0119 	 Test MAE: 0.0627
Fold: 4 	 Test r2: 0.8250 	 Test Loss: 0.0074 	 Test MAE: 0.0551
Fold: 5 	 Test r2: 0.7957 	 Test Loss: 0.0143 	 Test MAE: 0.0630
Final avg. r2:  0.8068610766848909
Final avg. MSE: 0.008908214507839218
Final avg. MAE: 0.0548942683923508
R2: 0.8068610766848909 +- 0.0
MAE: 0.0548942683923508 +- 0.0
