Fold: 1 	 Test r2: 0.6063 	 Test Loss: 0.0161 	 Test MAE: 0.0718
Fold: 2 	 Test r2: 0.7271 	 Test Loss: 0.0076 	 Test MAE: 0.0648
Fold: 3 	 Test r2: 0.8043 	 Test Loss: 0.0095 	 Test MAE: 0.0730
Fold: 4 	 Test r2: 0.6674 	 Test Loss: 0.0247 	 Test MAE: 0.0753
Fold: 5 	 Test r2: 0.2996 	 Test Loss: 0.0286 	 Test MAE: 0.1060
Final avg. r2:  0.6209317433667996
Final avg. MSE: 0.017324570374109942
Final avg. MAE: 0.07816924078795476
R2: 0.6209317433667996 +- 0.0
MAE: 0.07816924078795476 +- 0.0
