Fold: 1 	 Test r2: 0.6804 	 Test Loss: 0.0113 	 Test MAE: 0.0742
Fold: 2 	 Test r2: 0.7171 	 Test Loss: 0.0097 	 Test MAE: 0.0600
Fold: 3 	 Test r2: 0.7563 	 Test Loss: 0.0104 	 Test MAE: 0.0710
Fold: 4 	 Test r2: 0.6370 	 Test Loss: 0.0126 	 Test MAE: 0.0708
Fold: 5 	 Test r2: 0.6697 	 Test Loss: 0.0278 	 Test MAE: 0.0792
Final avg. r2:  0.6921044860150084
Final avg. MSE: 0.014363807022699168
Final avg. MAE: 0.07102917738981089
R2: 0.6921044860150084 +- 0.0
MAE: 0.07102917738981089 +- 0.0
