Fold: 1 	 Test r2: 0.7149 	 Test Loss: 0.0239 	 Test MAE: 0.0822
Fold: 2 	 Test r2: 0.7526 	 Test Loss: 0.0082 	 Test MAE: 0.0613
Fold: 3 	 Test r2: 0.8067 	 Test Loss: 0.0074 	 Test MAE: 0.0535
Fold: 4 	 Test r2: 0.8545 	 Test Loss: 0.0064 	 Test MAE: 0.0611
Fold: 5 	 Test r2: 0.7569 	 Test Loss: 0.0081 	 Test MAE: 0.0579
Final avg. r2:  0.7771267279844157
Final avg. MSE: 0.010809234329108474
Final avg. MAE: 0.06320011140398529
R2: 0.7771267279844157 +- 0.0
MAE: 0.06320011140398529 +- 0.0
