Fold: 1 	 Test r2: 0.7834 	 Test Loss: 0.0136 	 Test MAE: 0.0693
Fold: 2 	 Test r2: 0.8463 	 Test Loss: 0.0058 	 Test MAE: 0.0469
Fold: 3 	 Test r2: 0.9165 	 Test Loss: 0.0041 	 Test MAE: 0.0428
Fold: 4 	 Test r2: 0.7396 	 Test Loss: 0.0106 	 Test MAE: 0.0550
Fold: 5 	 Test r2: 0.9037 	 Test Loss: 0.0042 	 Test MAE: 0.0387
Final avg. r2:  0.8378844330159969
Final avg. MSE: 0.007646579825428723
Final avg. MAE: 0.05053734469930736
R2: 0.8378844330159969 +- 0.0
MAE: 0.05053734469930736 +- 0.0
