Fold: 1 	 Test r2: 0.7842 	 Test Loss: 0.0098 	 Test MAE: 0.0571
Fold: 2 	 Test r2: 0.8692 	 Test Loss: 0.0053 	 Test MAE: 0.0445
Fold: 3 	 Test r2: 0.8168 	 Test Loss: 0.0065 	 Test MAE: 0.0459
Fold: 4 	 Test r2: 0.7427 	 Test Loss: 0.0103 	 Test MAE: 0.0571
Fold: 5 	 Test r2: 0.8693 	 Test Loss: 0.0097 	 Test MAE: 0.0564
Final avg. r2:  0.816419977262336
Final avg. MSE: 0.008325387405637787
Final avg. MAE: 0.05219383664479872
R2: 0.816419977262336 +- 0.0
MAE: 0.05219383664479872 +- 0.0
