Fold: 1 	 Test r2: 0.9253 	 Test Loss: 0.0035 	 Test MAE: 0.0427
Fold: 2 	 Test r2: 0.7081 	 Test Loss: 0.0216 	 Test MAE: 0.0728
Fold: 3 	 Test r2: 0.4793 	 Test Loss: 0.0181 	 Test MAE: 0.0815
Fold: 4 	 Test r2: 0.7624 	 Test Loss: 0.0110 	 Test MAE: 0.0664
Fold: 5 	 Test r2: 0.6731 	 Test Loss: 0.0103 	 Test MAE: 0.0712
Final avg. r2:  0.7096419508283056
Final avg. MSE: 0.012893918630470892
Final avg. MAE: 0.06693665967164499
R2: 0.7096419508283056 +- 0.0
MAE: 0.06693665967164499 +- 0.0
