Fold: 1 	 Test r2: 0.6027 	 Test Loss: 0.0114 	 Test MAE: 0.0485
Fold: 2 	 Test r2: 0.8016 	 Test Loss: 0.0098 	 Test MAE: 0.0545
Fold: 3 	 Test r2: 0.8477 	 Test Loss: 0.0069 	 Test MAE: 0.0508
Fold: 4 	 Test r2: 0.8584 	 Test Loss: 0.0051 	 Test MAE: 0.0451
Fold: 5 	 Test r2: 0.5731 	 Test Loss: 0.0300 	 Test MAE: 0.0882
Final avg. r2:  0.7366927824425369
Final avg. MSE: 0.012662075441455112
Final avg. MAE: 0.05742573690835108
R2: 0.7366927824425369 +- 0.0
MAE: 0.05742573690835108 +- 0.0
