Fold: 1 	 Test r2: 0.7869 	 Test Loss: 0.0077 	 Test MAE: 0.0616
Fold: 2 	 Test r2: 0.7382 	 Test Loss: 0.0188 	 Test MAE: 0.0677
Fold: 3 	 Test r2: 0.8212 	 Test Loss: 0.0075 	 Test MAE: 0.0498
Fold: 4 	 Test r2: 0.7680 	 Test Loss: 0.0087 	 Test MAE: 0.0575
Fold: 5 	 Test r2: 0.8415 	 Test Loss: 0.0075 	 Test MAE: 0.0648
Final avg. r2:  0.7911826490139022
Final avg. MSE: 0.010010552909425749
Final avg. MAE: 0.06027172148215021
R2: 0.7911826490139022 +- 0.0
MAE: 0.06027172148215021 +- 0.0
