Fold: 1 	 Test r2: 0.5813 	 Test Loss: 0.0160 	 Test MAE: 0.0790
Fold: 2 	 Test r2: 0.6917 	 Test Loss: 0.0107 	 Test MAE: 0.0685
Fold: 3 	 Test r2: 0.8409 	 Test Loss: 0.0080 	 Test MAE: 0.0614
Fold: 4 	 Test r2: 0.8204 	 Test Loss: 0.0052 	 Test MAE: 0.0479
Fold: 5 	 Test r2: 0.6385 	 Test Loss: 0.0298 	 Test MAE: 0.0791
Final avg. r2:  0.71456135313903
Final avg. MSE: 0.01392814678858637
Final avg. MAE: 0.06717645870141534
R2: 0.71456135313903 +- 0.0
MAE: 0.06717645870141534 +- 0.0
