Fold: 1 	 Test r2: 0.8802 	 Test Loss: 0.0050 	 Test MAE: 0.0461
Fold: 2 	 Test r2: 0.7966 	 Test Loss: 0.0087 	 Test MAE: 0.0579
Fold: 3 	 Test r2: 0.7661 	 Test Loss: 0.0110 	 Test MAE: 0.0597
Fold: 4 	 Test r2: 0.7440 	 Test Loss: 0.0074 	 Test MAE: 0.0499
Fold: 5 	 Test r2: 0.7370 	 Test Loss: 0.0193 	 Test MAE: 0.0619
Final avg. r2:  0.7847805455644888
Final avg. MSE: 0.010277893932035823
Final avg. MAE: 0.055102102620032976
R2: 0.7847805455644888 +- 0.0
MAE: 0.055102102620032976 +- 0.0
