Fold: 1 	 Test r2: 0.8581 	 Test Loss: 0.0063 	 Test MAE: 0.0576
Fold: 2 	 Test r2: 0.7315 	 Test Loss: 0.0129 	 Test MAE: 0.0725
Fold: 3 	 Test r2: 0.5689 	 Test Loss: 0.0283 	 Test MAE: 0.0748
Fold: 4 	 Test r2: 0.6452 	 Test Loss: 0.0148 	 Test MAE: 0.0813
Fold: 5 	 Test r2: 0.6283 	 Test Loss: 0.0123 	 Test MAE: 0.0726
Final avg. r2:  0.6863938120645805
Final avg. MSE: 0.014915858183896439
Final avg. MAE: 0.07173709109754993
R2: 0.6863938120645805 +- 0.0
MAE: 0.07173709109754993 +- 0.0
