Fold: 1 	 Test r2: 0.7004 	 Test Loss: 0.0110 	 Test MAE: 0.0736
Fold: 2 	 Test r2: 0.6321 	 Test Loss: 0.0167 	 Test MAE: 0.0894
Fold: 3 	 Test r2: 0.8711 	 Test Loss: 0.0056 	 Test MAE: 0.0470
Fold: 4 	 Test r2: 0.6839 	 Test Loss: 0.0221 	 Test MAE: 0.0547
Fold: 5 	 Test r2: 0.7868 	 Test Loss: 0.0081 	 Test MAE: 0.0551
Final avg. r2:  0.7348741351639003
Final avg. MSE: 0.012696287218281508
Final avg. MAE: 0.06398416082849916
R2: 0.7348741351639003 +- 0.0
MAE: 0.06398416082849916 +- 0.0
