Fold: 1 	 Test r2: 0.6401 	 Test Loss: 0.0156 	 Test MAE: 0.0623
Fold: 2 	 Test r2: 0.9359 	 Test Loss: 0.0029 	 Test MAE: 0.0384
Fold: 3 	 Test r2: 0.8795 	 Test Loss: 0.0048 	 Test MAE: 0.0440
Fold: 4 	 Test r2: 0.8023 	 Test Loss: 0.0055 	 Test MAE: 0.0506
Fold: 5 	 Test r2: 0.6173 	 Test Loss: 0.0285 	 Test MAE: 0.0962
Final avg. r2:  0.7750273662148949
Final avg. MSE: 0.011468071820483067
Final avg. MAE: 0.05828809105620092
R2: 0.7750273662148949 +- 0.0
MAE: 0.05828809105620092 +- 0.0
