Fold: 1 	 Test r2: 0.7187 	 Test Loss: 0.0107 	 Test MAE: 0.0514
Fold: 2 	 Test r2: 0.6594 	 Test Loss: 0.0241 	 Test MAE: 0.0648
Fold: 3 	 Test r2: 0.7881 	 Test Loss: 0.0120 	 Test MAE: 0.0830
Fold: 4 	 Test r2: 0.8948 	 Test Loss: 0.0039 	 Test MAE: 0.0371
Fold: 5 	 Test r2: 0.9045 	 Test Loss: 0.0030 	 Test MAE: 0.0399
Final avg. r2:  0.7930994044491243
Final avg. MSE: 0.010715295679735096
Final avg. MAE: 0.0552308952974371
R2: 0.7930994044491243 +- 0.0
MAE: 0.0552308952974371 +- 0.0
