Fold: 1 	 Test r2: 0.7539 	 Test Loss: 0.0157 	 Test MAE: 0.0663
Fold: 2 	 Test r2: 0.8638 	 Test Loss: 0.0053 	 Test MAE: 0.0470
Fold: 3 	 Test r2: 0.8898 	 Test Loss: 0.0052 	 Test MAE: 0.0455
Fold: 4 	 Test r2: 0.7076 	 Test Loss: 0.0132 	 Test MAE: 0.0638
Fold: 5 	 Test r2: 0.8006 	 Test Loss: 0.0077 	 Test MAE: 0.0552
Final avg. r2:  0.8031529024792292
Final avg. MSE: 0.009434750294643026
Final avg. MAE: 0.055585601850457134
R2: 0.8031529024792292 +- 0.0
MAE: 0.055585601850457134 +- 0.0
