Fold: 1 	 Test r2: 0.8470 	 Test Loss: 0.0077 	 Test MAE: 0.0584
Fold: 2 	 Test r2: 0.6243 	 Test Loss: 0.0225 	 Test MAE: 0.0739
Fold: 3 	 Test r2: 0.7068 	 Test Loss: 0.0105 	 Test MAE: 0.0620
Fold: 4 	 Test r2: 0.8602 	 Test Loss: 0.0050 	 Test MAE: 0.0523
Fold: 5 	 Test r2: 0.7232 	 Test Loss: 0.0135 	 Test MAE: 0.0805
Final avg. r2:  0.7523176036485182
Final avg. MSE: 0.011831722919009585
Final avg. MAE: 0.06539973319717207
R2: 0.7523176036485182 +- 0.0
MAE: 0.06539973319717207 +- 0.0
