Fold: 1 	 Test r2: 0.8399 	 Test Loss: 0.0123 	 Test MAE: 0.0555
Fold: 2 	 Test r2: 0.6788 	 Test Loss: 0.0140 	 Test MAE: 0.0715
Fold: 3 	 Test r2: 0.8947 	 Test Loss: 0.0035 	 Test MAE: 0.0426
Fold: 4 	 Test r2: 0.5020 	 Test Loss: 0.0178 	 Test MAE: 0.0651
Fold: 5 	 Test r2: 0.9030 	 Test Loss: 0.0043 	 Test MAE: 0.0424
Final avg. r2:  0.7636851189926007
Final avg. MSE: 0.010382894251942798
Final avg. MAE: 0.055425685987535375
R2: 0.7636851189926007 +- 0.0
MAE: 0.055425685987535375 +- 0.0
