Fold: 1 	 Test r2: 0.7764 	 Test Loss: 0.0160 	 Test MAE: 0.0697
Fold: 2 	 Test r2: 0.7994 	 Test Loss: 0.0091 	 Test MAE: 0.0602
Fold: 3 	 Test r2: 0.8761 	 Test Loss: 0.0050 	 Test MAE: 0.0452
Fold: 4 	 Test r2: 0.7894 	 Test Loss: 0.0087 	 Test MAE: 0.0532
Fold: 5 	 Test r2: 0.7049 	 Test Loss: 0.0099 	 Test MAE: 0.0547
Final avg. r2:  0.7892411839627826
Final avg. MSE: 0.009736746571315527
Final avg. MAE: 0.05660237990839242
R2: 0.7892411839627826 +- 0.0
MAE: 0.05660237990839242 +- 0.0
