Fold: 1 	 Test r2: 0.8481 	 Test Loss: 0.0055 	 Test MAE: 0.0500
Fold: 2 	 Test r2: 0.7898 	 Test Loss: 0.0097 	 Test MAE: 0.0529
Fold: 3 	 Test r2: 0.8641 	 Test Loss: 0.0034 	 Test MAE: 0.0385
Fold: 4 	 Test r2: 0.9039 	 Test Loss: 0.0060 	 Test MAE: 0.0476
Fold: 5 	 Test r2: 0.7965 	 Test Loss: 0.0130 	 Test MAE: 0.0765
Final avg. r2:  0.840460556272145
Final avg. MSE: 0.007507292832578963
Final avg. MAE: 0.05309343529725765
R2: 0.840460556272145 +- 0.0
MAE: 0.05309343529725765 +- 0.0
