Fold: 1 	 Test r2: 0.7439 	 Test Loss: 0.0076 	 Test MAE: 0.0617
Fold: 2 	 Test r2: 0.8641 	 Test Loss: 0.0067 	 Test MAE: 0.0449
Fold: 3 	 Test r2: 0.7244 	 Test Loss: 0.0210 	 Test MAE: 0.0715
Fold: 4 	 Test r2: 0.7248 	 Test Loss: 0.0096 	 Test MAE: 0.0504
Fold: 5 	 Test r2: 0.7626 	 Test Loss: 0.0087 	 Test MAE: 0.0603
Final avg. r2:  0.7639734063067012
Final avg. MSE: 0.010695647362233626
Final avg. MAE: 0.05774400199567076
R2: 0.7639734063067012 +- 0.0
MAE: 0.05774400199567076 +- 0.0
