Fold: 1 	 Test r2: 0.8402 	 Test Loss: 0.0066 	 Test MAE: 0.0514
Fold: 2 	 Test r2: 0.7336 	 Test Loss: 0.0100 	 Test MAE: 0.0680
Fold: 3 	 Test r2: 0.7874 	 Test Loss: 0.0102 	 Test MAE: 0.0644
Fold: 4 	 Test r2: 0.6377 	 Test Loss: 0.0249 	 Test MAE: 0.0605
Fold: 5 	 Test r2: 0.6144 	 Test Loss: 0.0154 	 Test MAE: 0.0729
Final avg. r2:  0.7226462187921829
Final avg. MSE: 0.013427216527073214
Final avg. MAE: 0.06342474289656598
R2: 0.7226462187921829 +- 0.0
MAE: 0.06342474289656598 +- 0.0
