Fold: 1 	 Test r2: 0.8897 	 Test Loss: 0.0090 	 Test MAE: 0.0481
Fold: 2 	 Test r2: 0.7727 	 Test Loss: 0.0096 	 Test MAE: 0.0627
Fold: 3 	 Test r2: 0.6639 	 Test Loss: 0.0145 	 Test MAE: 0.0607
Fold: 4 	 Test r2: 0.8265 	 Test Loss: 0.0064 	 Test MAE: 0.0494
Fold: 5 	 Test r2: 0.7653 	 Test Loss: 0.0067 	 Test MAE: 0.0543
Final avg. r2:  0.7836158189281046
Final avg. MSE: 0.009222259047043279
Final avg. MAE: 0.0550624230876565
R2: 0.7836158189281046 +- 0.0
MAE: 0.0550624230876565 +- 0.0
