Fold: 1 	 Test r2: 0.7400 	 Test Loss: 0.0189 	 Test MAE: 0.0575
Fold: 2 	 Test r2: 0.9031 	 Test Loss: 0.0053 	 Test MAE: 0.0477
Fold: 3 	 Test r2: 0.8217 	 Test Loss: 0.0065 	 Test MAE: 0.0553
Fold: 4 	 Test r2: 0.7123 	 Test Loss: 0.0113 	 Test MAE: 0.0698
Fold: 5 	 Test r2: 0.6688 	 Test Loss: 0.0102 	 Test MAE: 0.0593
Final avg. r2:  0.7691798686698368
Final avg. MSE: 0.010458222696219797
Final avg. MAE: 0.05792827211434439
R2: 0.7691798686698368 +- 0.0
MAE: 0.05792827211434439 +- 0.0
