Fold: 1 	 Test r2: 0.7786 	 Test Loss: 0.0084 	 Test MAE: 0.0537
Fold: 2 	 Test r2: 0.6109 	 Test Loss: 0.0262 	 Test MAE: 0.0801
Fold: 3 	 Test r2: 0.7958 	 Test Loss: 0.0093 	 Test MAE: 0.0649
Fold: 4 	 Test r2: 0.7206 	 Test Loss: 0.0102 	 Test MAE: 0.0653
Fold: 5 	 Test r2: 0.7909 	 Test Loss: 0.0096 	 Test MAE: 0.0596
Final avg. r2:  0.7393540284248706
Final avg. MSE: 0.012727850746007043
Final avg. MAE: 0.06472277829018074
R2: 0.7393540284248706 +- 0.0
MAE: 0.06472277829018074 +- 0.0
