Fold: 1 	 Test r2: 0.6974 	 Test Loss: 0.0143 	 Test MAE: 0.0698
Fold: 2 	 Test r2: 0.8587 	 Test Loss: 0.0055 	 Test MAE: 0.0506
Fold: 3 	 Test r2: 0.4358 	 Test Loss: 0.0346 	 Test MAE: 0.0913
Fold: 4 	 Test r2: 0.6623 	 Test Loss: 0.0096 	 Test MAE: 0.0635
Fold: 5 	 Test r2: 0.7501 	 Test Loss: 0.0126 	 Test MAE: 0.0704
Final avg. r2:  0.6808379597886782
Final avg. MSE: 0.0153148245608695
Final avg. MAE: 0.06912647435809074
R2: 0.6808379597886782 +- 0.0
MAE: 0.06912647435809074 +- 0.0
