Fold: 1 	 Test r2: 0.6939 	 Test Loss: 0.0103 	 Test MAE: 0.0561
Fold: 2 	 Test r2: 0.6908 	 Test Loss: 0.0196 	 Test MAE: 0.0841
Fold: 3 	 Test r2: 0.8996 	 Test Loss: 0.0053 	 Test MAE: 0.0451
Fold: 4 	 Test r2: 0.7397 	 Test Loss: 0.0096 	 Test MAE: 0.0712
Fold: 5 	 Test r2: 0.7159 	 Test Loss: 0.0106 	 Test MAE: 0.0671
Final avg. r2:  0.7479907313432234
Final avg. MSE: 0.011067593722632468
Final avg. MAE: 0.06471614302547814
R2: 0.7479907313432234 +- 0.0
MAE: 0.06471614302547814 +- 0.0
