Fold: 1 	 Test r2: 0.6462 	 Test Loss: 0.0271 	 Test MAE: 0.0776
Fold: 2 	 Test r2: 0.8887 	 Test Loss: 0.0037 	 Test MAE: 0.0429
Fold: 3 	 Test r2: 0.7535 	 Test Loss: 0.0101 	 Test MAE: 0.0724
Fold: 4 	 Test r2: 0.8261 	 Test Loss: 0.0083 	 Test MAE: 0.0651
Fold: 5 	 Test r2: 0.7659 	 Test Loss: 0.0082 	 Test MAE: 0.0610
Final avg. r2:  0.7760854887703106
Final avg. MSE: 0.011484698548775985
Final avg. MAE: 0.06379443591422572
R2: 0.7760854887703106 +- 0.0
MAE: 0.06379443591422572 +- 0.0
