Fold: 1 	 Test r2: 0.6181 	 Test Loss: 0.0138 	 Test MAE: 0.0708
Fold: 2 	 Test r2: 0.4983 	 Test Loss: 0.0211 	 Test MAE: 0.0919
Fold: 3 	 Test r2: 0.6752 	 Test Loss: 0.0261 	 Test MAE: 0.0758
Fold: 4 	 Test r2: 0.8560 	 Test Loss: 0.0059 	 Test MAE: 0.0465
Fold: 5 	 Test r2: 0.5589 	 Test Loss: 0.0153 	 Test MAE: 0.0735
Final avg. r2:  0.6412849812014724
Final avg. MSE: 0.01644597298360108
Final avg. MAE: 0.07170677101239561
R2: 0.6412849812014724 +- 0.0
MAE: 0.07170677101239561 +- 0.0
