Fold: 1 	 Test r2: 0.6353 	 Test Loss: 0.0273 	 Test MAE: 0.0758
Fold: 2 	 Test r2: 0.8184 	 Test Loss: 0.0077 	 Test MAE: 0.0641
Fold: 3 	 Test r2: 0.7229 	 Test Loss: 0.0103 	 Test MAE: 0.0586
Fold: 4 	 Test r2: 0.7614 	 Test Loss: 0.0096 	 Test MAE: 0.0698
Fold: 5 	 Test r2: 0.7651 	 Test Loss: 0.0092 	 Test MAE: 0.0699
Final avg. r2:  0.7406138985449137
Final avg. MSE: 0.01282956148798127
Final avg. MAE: 0.06763306365975616
R2: 0.7406138985449137 +- 0.0
MAE: 0.06763306365975616 +- 0.0
