Fold: 1 	 Test r2: 0.6772 	 Test Loss: 0.0141 	 Test MAE: 0.0622
Fold: 2 	 Test r2: 0.7855 	 Test Loss: 0.0086 	 Test MAE: 0.0593
Fold: 3 	 Test r2: 0.8512 	 Test Loss: 0.0060 	 Test MAE: 0.0535
Fold: 4 	 Test r2: 0.7084 	 Test Loss: 0.0169 	 Test MAE: 0.0569
Fold: 5 	 Test r2: 0.8313 	 Test Loss: 0.0087 	 Test MAE: 0.0582
Final avg. r2:  0.770727386062627
Final avg. MSE: 0.010862419512913467
Final avg. MAE: 0.05803110087417117
R2: 0.770727386062627 +- 0.0
MAE: 0.05803110087417117 +- 0.0
