Fold: 1 	 Test r2: 0.7955 	 Test Loss: 0.0083 	 Test MAE: 0.0543
Fold: 2 	 Test r2: 0.6891 	 Test Loss: 0.0231 	 Test MAE: 0.0636
Fold: 3 	 Test r2: 0.7074 	 Test Loss: 0.0143 	 Test MAE: 0.0711
Fold: 4 	 Test r2: 0.6586 	 Test Loss: 0.0120 	 Test MAE: 0.0695
Fold: 5 	 Test r2: 0.8637 	 Test Loss: 0.0047 	 Test MAE: 0.0467
Final avg. r2:  0.7428544676850157
Final avg. MSE: 0.012462734124210718
Final avg. MAE: 0.06105707811799889
R2: 0.7428544676850157 +- 0.0
MAE: 0.06105707811799889 +- 0.0
