Fold: 1 	 Test r2: 0.8315 	 Test Loss: 0.0078 	 Test MAE: 0.0578
Fold: 2 	 Test r2: 0.6599 	 Test Loss: 0.0170 	 Test MAE: 0.0792
Fold: 3 	 Test r2: 0.6102 	 Test Loss: 0.0126 	 Test MAE: 0.0824
Fold: 4 	 Test r2: 0.7528 	 Test Loss: 0.0098 	 Test MAE: 0.0774
Fold: 5 	 Test r2: 0.7017 	 Test Loss: 0.0202 	 Test MAE: 0.0742
Final avg. r2:  0.7112028913159398
Final avg. MSE: 0.013459904997468167
Final avg. MAE: 0.07418616659318408
R2: 0.7112028913159398 +- 0.0
MAE: 0.07418616659318408 +- 0.0
