Fold: 1 	 Test r2: 0.7465 	 Test Loss: 0.0083 	 Test MAE: 0.0584
Fold: 2 	 Test r2: 0.6840 	 Test Loss: 0.0197 	 Test MAE: 0.0656
Fold: 3 	 Test r2: 0.7126 	 Test Loss: 0.0149 	 Test MAE: 0.0716
Fold: 4 	 Test r2: 0.8941 	 Test Loss: 0.0051 	 Test MAE: 0.0429
Fold: 5 	 Test r2: 0.8297 	 Test Loss: 0.0068 	 Test MAE: 0.0506
Final avg. r2:  0.773409267930224
Final avg. MSE: 0.01096182492174083
Final avg. MAE: 0.057824480757877536
R2: 0.773409267930224 +- 0.0
MAE: 0.057824480757877536 +- 0.0
