Fold: 1 	 Test r2: 0.8238 	 Test Loss: 0.0080 	 Test MAE: 0.0657
Fold: 2 	 Test r2: 0.6526 	 Test Loss: 0.0100 	 Test MAE: 0.0719
Fold: 3 	 Test r2: 0.7790 	 Test Loss: 0.0121 	 Test MAE: 0.0654
Fold: 4 	 Test r2: 0.6096 	 Test Loss: 0.0118 	 Test MAE: 0.0742
Fold: 5 	 Test r2: 0.6193 	 Test Loss: 0.0271 	 Test MAE: 0.0789
Final avg. r2:  0.6968593870848487
Final avg. MSE: 0.013802973151799531
Final avg. MAE: 0.07122289498026173
R2: 0.6968593870848487 +- 0.0
MAE: 0.07122289498026173 +- 0.0
