Fold: 1 	 Test r2: 0.8775 	 Test Loss: 0.0045 	 Test MAE: 0.0415
Fold: 2 	 Test r2: 0.8935 	 Test Loss: 0.0066 	 Test MAE: 0.0483
Fold: 3 	 Test r2: 0.7510 	 Test Loss: 0.0069 	 Test MAE: 0.0500
Fold: 4 	 Test r2: 0.7014 	 Test Loss: 0.0192 	 Test MAE: 0.0685
Fold: 5 	 Test r2: 0.7111 	 Test Loss: 0.0118 	 Test MAE: 0.0532
Final avg. r2:  0.7868819375975629
Final avg. MSE: 0.009793624072755915
Final avg. MAE: 0.05231339619526652
R2: 0.7868819375975629 +- 0.0
MAE: 0.05231339619526652 +- 0.0
