Fold: 1 	 Test r2: 0.7120 	 Test Loss: 0.0135 	 Test MAE: 0.0704
Fold: 2 	 Test r2: 0.8292 	 Test Loss: 0.0069 	 Test MAE: 0.0585
Fold: 3 	 Test r2: 0.7341 	 Test Loss: 0.0191 	 Test MAE: 0.0692
Fold: 4 	 Test r2: 0.7496 	 Test Loss: 0.0119 	 Test MAE: 0.0696
Fold: 5 	 Test r2: 0.6947 	 Test Loss: 0.0075 	 Test MAE: 0.0645
Final avg. r2:  0.7438897518705103
Final avg. MSE: 0.011772568859003562
Final avg. MAE: 0.06646738198021948
R2: 0.7438897518705103 +- 0.0
MAE: 0.06646738198021948 +- 0.0
