Fold: 1 	 Test r2: 0.7634 	 Test Loss: 0.0091 	 Test MAE: 0.0509
Fold: 2 	 Test r2: 0.6680 	 Test Loss: 0.0127 	 Test MAE: 0.0636
Fold: 3 	 Test r2: 0.7844 	 Test Loss: 0.0078 	 Test MAE: 0.0554
Fold: 4 	 Test r2: 0.8105 	 Test Loss: 0.0059 	 Test MAE: 0.0478
Fold: 5 	 Test r2: 0.6443 	 Test Loss: 0.0320 	 Test MAE: 0.0871
Final avg. r2:  0.734160505844792
Final avg. MSE: 0.013508438002732766
Final avg. MAE: 0.06098636636054333
R2: 0.734160505844792 +- 0.0
MAE: 0.06098636636054333 +- 0.0
