Fold: 1 	 Test r2: 0.6859 	 Test Loss: 0.0135 	 Test MAE: 0.0709
Fold: 2 	 Test r2: 0.6522 	 Test Loss: 0.0250 	 Test MAE: 0.0818
Fold: 3 	 Test r2: 0.7201 	 Test Loss: 0.0083 	 Test MAE: 0.0485
Fold: 4 	 Test r2: 0.6207 	 Test Loss: 0.0196 	 Test MAE: 0.0846
Fold: 5 	 Test r2: 0.6739 	 Test Loss: 0.0121 	 Test MAE: 0.0751
Final avg. r2:  0.670534645366873
Final avg. MSE: 0.015682967210895994
Final avg. MAE: 0.07218329562887955
R2: 0.670534645366873 +- 0.0
MAE: 0.07218329562887955 +- 0.0
