Fold: 1 	 Test r2: 0.6218 	 Test Loss: 0.0170 	 Test MAE: 0.0859
Fold: 2 	 Test r2: 0.8421 	 Test Loss: 0.0054 	 Test MAE: 0.0578
Fold: 3 	 Test r2: 0.5710 	 Test Loss: 0.0274 	 Test MAE: 0.0647
Fold: 4 	 Test r2: 0.7756 	 Test Loss: 0.0125 	 Test MAE: 0.0724
Fold: 5 	 Test r2: 0.8383 	 Test Loss: 0.0056 	 Test MAE: 0.0523
Final avg. r2:  0.7297539170781716
Final avg. MSE: 0.013586857069360239
Final avg. MAE: 0.06660882684332478
R2: 0.7297539170781716 +- 0.0
MAE: 0.06660882684332478 +- 0.0
