Fold: 1 	 Test r2: 0.7861 	 Test Loss: 0.0112 	 Test MAE: 0.0737
Fold: 2 	 Test r2: 0.7156 	 Test Loss: 0.0130 	 Test MAE: 0.0721
Fold: 3 	 Test r2: 0.5321 	 Test Loss: 0.0164 	 Test MAE: 0.0745
Fold: 4 	 Test r2: 0.4525 	 Test Loss: 0.0293 	 Test MAE: 0.0728
Fold: 5 	 Test r2: 0.6944 	 Test Loss: 0.0122 	 Test MAE: 0.0682
Final avg. r2:  0.6361415167161519
Final avg. MSE: 0.016408223923044793
Final avg. MAE: 0.07225036490771944
R2: 0.6361415167161519 +- 0.0
MAE: 0.07225036490771944 +- 0.0
