Fold: 1 	 Test r2: 0.6845 	 Test Loss: 0.0100 	 Test MAE: 0.0687
Fold: 2 	 Test r2: 0.7675 	 Test Loss: 0.0125 	 Test MAE: 0.0702
Fold: 3 	 Test r2: 0.7203 	 Test Loss: 0.0078 	 Test MAE: 0.0650
Fold: 4 	 Test r2: 0.6196 	 Test Loss: 0.0288 	 Test MAE: 0.0838
Fold: 5 	 Test r2: 0.6626 	 Test Loss: 0.0141 	 Test MAE: 0.0761
Final avg. r2:  0.6909185643167016
Final avg. MSE: 0.014627151019389379
Final avg. MAE: 0.072757260792819
R2: 0.6909185643167016 +- 0.0
MAE: 0.072757260792819 +- 0.0
