Fold: 1 	 Test r2: 0.5671 	 Test Loss: 0.0118 	 Test MAE: 0.0684
Fold: 2 	 Test r2: 0.8262 	 Test Loss: 0.0104 	 Test MAE: 0.0730
Fold: 3 	 Test r2: 0.6173 	 Test Loss: 0.0257 	 Test MAE: 0.0859
Fold: 4 	 Test r2: 0.8030 	 Test Loss: 0.0045 	 Test MAE: 0.0452
Fold: 5 	 Test r2: 0.8298 	 Test Loss: 0.0087 	 Test MAE: 0.0581
Final avg. r2:  0.7286839182436322
Final avg. MSE: 0.012224521462389988
Final avg. MAE: 0.06609209651811696
R2: 0.7286839182436322 +- 0.0
MAE: 0.06609209651811696 +- 0.0
