Fold: 1 	 Test r2: 0.6639 	 Test Loss: 0.0133 	 Test MAE: 0.0846
Fold: 2 	 Test r2: 0.8891 	 Test Loss: 0.0045 	 Test MAE: 0.0495
Fold: 3 	 Test r2: 0.7579 	 Test Loss: 0.0109 	 Test MAE: 0.0652
Fold: 4 	 Test r2: 0.7834 	 Test Loss: 0.0097 	 Test MAE: 0.0591
Fold: 5 	 Test r2: 0.5646 	 Test Loss: 0.0280 	 Test MAE: 0.0880
Final avg. r2:  0.7317802846148849
Final avg. MSE: 0.013298529165772158
Final avg. MAE: 0.06928360437036675
R2: 0.7317802846148849 +- 0.0
MAE: 0.06928360437036675 +- 0.0
