Fold: 1 	 Test r2: 0.8313 	 Test Loss: 0.0054 	 Test MAE: 0.0497
Fold: 2 	 Test r2: 0.5812 	 Test Loss: 0.0205 	 Test MAE: 0.0863
Fold: 3 	 Test r2: 0.8599 	 Test Loss: 0.0069 	 Test MAE: 0.0614
Fold: 4 	 Test r2: 0.6849 	 Test Loss: 0.0108 	 Test MAE: 0.0781
Fold: 5 	 Test r2: 0.6037 	 Test Loss: 0.0275 	 Test MAE: 0.0746
Final avg. r2:  0.7122111210024487
Final avg. MSE: 0.014231513785678065
Final avg. MAE: 0.07001664245621536
R2: 0.7122111210024487 +- 0.0
MAE: 0.07001664245621536 +- 0.0
