Fold: 1 	 Test r2: 0.7386 	 Test Loss: 0.0146 	 Test MAE: 0.0713
Fold: 2 	 Test r2: 0.6287 	 Test Loss: 0.0266 	 Test MAE: 0.0758
Fold: 3 	 Test r2: 0.8396 	 Test Loss: 0.0063 	 Test MAE: 0.0584
Fold: 4 	 Test r2: 0.8439 	 Test Loss: 0.0051 	 Test MAE: 0.0459
Fold: 5 	 Test r2: 0.5792 	 Test Loss: 0.0148 	 Test MAE: 0.0782
Final avg. r2:  0.7259981230121544
Final avg. MSE: 0.01345969245899108
Final avg. MAE: 0.06592366796202298
R2: 0.7259981230121544 +- 0.0
MAE: 0.06592366796202298 +- 0.0
