Fold: 1 	 Test r2: 0.6819 	 Test Loss: 0.0122 	 Test MAE: 0.0654
Fold: 2 	 Test r2: 0.8609 	 Test Loss: 0.0047 	 Test MAE: 0.0512
Fold: 3 	 Test r2: 0.7547 	 Test Loss: 0.0193 	 Test MAE: 0.0655
Fold: 4 	 Test r2: 0.6464 	 Test Loss: 0.0163 	 Test MAE: 0.0902
Fold: 5 	 Test r2: 0.1359 	 Test Loss: 0.0311 	 Test MAE: 0.0990
Final avg. r2:  0.615938769780281
Final avg. MSE: 0.016725057299582315
Final avg. MAE: 0.07428309462812482
R2: 0.615938769780281 +- 0.0
MAE: 0.07428309462812482 +- 0.0
