Fold: 1 	 Test r2: 0.6506 	 Test Loss: 0.0126 	 Test MAE: 0.0682
Fold: 2 	 Test r2: 0.8078 	 Test Loss: 0.0080 	 Test MAE: 0.0517
Fold: 3 	 Test r2: 0.7040 	 Test Loss: 0.0127 	 Test MAE: 0.0697
Fold: 4 	 Test r2: 0.8395 	 Test Loss: 0.0077 	 Test MAE: 0.0622
Fold: 5 	 Test r2: 0.5042 	 Test Loss: 0.0326 	 Test MAE: 0.0868
Final avg. r2:  0.701215180666002
Final avg. MSE: 0.014737566774680938
Final avg. MAE: 0.06773660859967373
R2: 0.701215180666002 +- 0.0
MAE: 0.06773660859967373 +- 0.0
