Fold: 1 	 Test r2: 0.7639 	 Test Loss: 0.0156 	 Test MAE: 0.0579
Fold: 2 	 Test r2: 0.8471 	 Test Loss: 0.0059 	 Test MAE: 0.0570
Fold: 3 	 Test r2: 0.5727 	 Test Loss: 0.0179 	 Test MAE: 0.0889
Fold: 4 	 Test r2: 0.7777 	 Test Loss: 0.0086 	 Test MAE: 0.0625
Fold: 5 	 Test r2: 0.7375 	 Test Loss: 0.0123 	 Test MAE: 0.0740
Final avg. r2:  0.7397898441361344
Final avg. MSE: 0.012082120278365692
Final avg. MAE: 0.06806105647147412
R2: 0.7397898441361344 +- 0.0
MAE: 0.06806105647147412 +- 0.0
