Fold: 1 	 Test r2: 0.8084 	 Test Loss: 0.0082 	 Test MAE: 0.0640
Fold: 2 	 Test r2: 0.6557 	 Test Loss: 0.0217 	 Test MAE: 0.0591
Fold: 3 	 Test r2: 0.7965 	 Test Loss: 0.0098 	 Test MAE: 0.0592
Fold: 4 	 Test r2: 0.7039 	 Test Loss: 0.0139 	 Test MAE: 0.0824
Fold: 5 	 Test r2: 0.8253 	 Test Loss: 0.0058 	 Test MAE: 0.0489
Final avg. r2:  0.7579497491416269
Final avg. MSE: 0.01188919601646581
Final avg. MAE: 0.0627163088012512
R2: 0.7579497491416269 +- 0.0
MAE: 0.0627163088012512 +- 0.0
