Fold: 1 	 Test r2: 0.6780 	 Test Loss: 0.0104 	 Test MAE: 0.0595
Fold: 2 	 Test r2: 0.7691 	 Test Loss: 0.0135 	 Test MAE: 0.0755
Fold: 3 	 Test r2: 0.7959 	 Test Loss: 0.0081 	 Test MAE: 0.0674
Fold: 4 	 Test r2: 0.4489 	 Test Loss: 0.0194 	 Test MAE: 0.0830
Fold: 5 	 Test r2: 0.5762 	 Test Loss: 0.0266 	 Test MAE: 0.0625
Final avg. r2:  0.6536172250830555
Final avg. MSE: 0.015607155564820155
Final avg. MAE: 0.06958453690088323
R2: 0.6536172250830555 +- 0.0
MAE: 0.06958453690088323 +- 0.0
