Fold: 1 	 Test r2: 0.6631 	 Test Loss: 0.0173 	 Test MAE: 0.0844
Fold: 2 	 Test r2: 0.6328 	 Test Loss: 0.0151 	 Test MAE: 0.0890
Fold: 3 	 Test r2: 0.7156 	 Test Loss: 0.0100 	 Test MAE: 0.0627
Fold: 4 	 Test r2: 0.8145 	 Test Loss: 0.0131 	 Test MAE: 0.0596
Fold: 5 	 Test r2: 0.7464 	 Test Loss: 0.0080 	 Test MAE: 0.0621
Final avg. r2:  0.714476760718393
Final avg. MSE: 0.012725544873120229
Final avg. MAE: 0.07155826908859367
R2: 0.714476760718393 +- 0.0
MAE: 0.07155826908859367 +- 0.0
