Fold: 1 	 Test r2: 0.6250 	 Test Loss: 0.0280 	 Test MAE: 0.0698
Fold: 2 	 Test r2: 0.8314 	 Test Loss: 0.0064 	 Test MAE: 0.0506
Fold: 3 	 Test r2: 0.7126 	 Test Loss: 0.0130 	 Test MAE: 0.0777
Fold: 4 	 Test r2: 0.8185 	 Test Loss: 0.0067 	 Test MAE: 0.0596
Fold: 5 	 Test r2: 0.7974 	 Test Loss: 0.0075 	 Test MAE: 0.0597
Final avg. r2:  0.756972622128514
Final avg. MSE: 0.012338826139065038
Final avg. MAE: 0.06347800709535273
R2: 0.756972622128514 +- 0.0
MAE: 0.06347800709535273 +- 0.0
