Fold: 1 	 Test r2: 0.7856 	 Test Loss: 0.0102 	 Test MAE: 0.0701
Fold: 2 	 Test r2: 0.6835 	 Test Loss: 0.0138 	 Test MAE: 0.0897
Fold: 3 	 Test r2: 0.6924 	 Test Loss: 0.0199 	 Test MAE: 0.0786
Fold: 4 	 Test r2: 0.7739 	 Test Loss: 0.0065 	 Test MAE: 0.0528
Fold: 5 	 Test r2: 0.7694 	 Test Loss: 0.0109 	 Test MAE: 0.0638
Final avg. r2:  0.7409455337655839
Final avg. MSE: 0.012242373085845016
Final avg. MAE: 0.07099318522643171
R2: 0.7409455337655839 +- 0.0
MAE: 0.07099318522643171 +- 0.0
