Fold: 1 	 Test r2: 0.7313 	 Test Loss: 0.0078 	 Test MAE: 0.0573
Fold: 2 	 Test r2: 0.7613 	 Test Loss: 0.0116 	 Test MAE: 0.0774
Fold: 3 	 Test r2: 0.8078 	 Test Loss: 0.0088 	 Test MAE: 0.0575
Fold: 4 	 Test r2: 0.6659 	 Test Loss: 0.0130 	 Test MAE: 0.0716
Fold: 5 	 Test r2: 0.6497 	 Test Loss: 0.0246 	 Test MAE: 0.0768
Final avg. r2:  0.723193477793099
Final avg. MSE: 0.013146789305427587
Final avg. MAE: 0.06809898001984473
R2: 0.723193477793099 +- 0.0
MAE: 0.06809898001984473 +- 0.0
