Fold: 1 	 Test r2: 0.6433 	 Test Loss: 0.0250 	 Test MAE: 0.0811
Fold: 2 	 Test r2: 0.6843 	 Test Loss: 0.0121 	 Test MAE: 0.0586
Fold: 3 	 Test r2: 0.6171 	 Test Loss: 0.0154 	 Test MAE: 0.0844
Fold: 4 	 Test r2: 0.8624 	 Test Loss: 0.0064 	 Test MAE: 0.0537
Fold: 5 	 Test r2: 0.7712 	 Test Loss: 0.0088 	 Test MAE: 0.0588
Final avg. r2:  0.7156512630401625
Final avg. MSE: 0.013535370274932273
Final avg. MAE: 0.06733661632617416
R2: 0.7156512630401625 +- 0.0
MAE: 0.06733661632617416 +- 0.0
