Fold: 1 	 Test r2: 0.6603 	 Test Loss: 0.0120 	 Test MAE: 0.0714
Fold: 2 	 Test r2: 0.5755 	 Test Loss: 0.0280 	 Test MAE: 0.0722
Fold: 3 	 Test r2: 0.8280 	 Test Loss: 0.0054 	 Test MAE: 0.0541
Fold: 4 	 Test r2: 0.7926 	 Test Loss: 0.0115 	 Test MAE: 0.0770
Fold: 5 	 Test r2: 0.7276 	 Test Loss: 0.0116 	 Test MAE: 0.0696
Final avg. r2:  0.7168030576361474
Final avg. MSE: 0.013691353896649308
Final avg. MAE: 0.06887480806888771
R2: 0.7168030576361474 +- 0.0
MAE: 0.06887480806888771 +- 0.0
