Fold: 1 	 Test r2: 0.5855 	 Test Loss: 0.0175 	 Test MAE: 0.0829
Fold: 2 	 Test r2: 0.8453 	 Test Loss: 0.0069 	 Test MAE: 0.0550
Fold: 3 	 Test r2: 0.7671 	 Test Loss: 0.0091 	 Test MAE: 0.0653
Fold: 4 	 Test r2: 0.7350 	 Test Loss: 0.0116 	 Test MAE: 0.0664
Fold: 5 	 Test r2: 0.6264 	 Test Loss: 0.0247 	 Test MAE: 0.0629
Final avg. r2:  0.7118468669349576
Final avg. MSE: 0.013976394223435041
Final avg. MAE: 0.06652486726869734
R2: 0.7118468669349576 +- 0.0
MAE: 0.06652486726869734 +- 0.0
