Fold: 1 	 Test r2: 0.7367 	 Test Loss: 0.0173 	 Test MAE: 0.0725
Fold: 2 	 Test r2: 0.7341 	 Test Loss: 0.0120 	 Test MAE: 0.0874
Fold: 3 	 Test r2: 0.8014 	 Test Loss: 0.0094 	 Test MAE: 0.0652
Fold: 4 	 Test r2: 0.7924 	 Test Loss: 0.0100 	 Test MAE: 0.0565
Fold: 5 	 Test r2: 0.4243 	 Test Loss: 0.0154 	 Test MAE: 0.0827
Final avg. r2:  0.6977852584799441
Final avg. MSE: 0.012831403805379912
Final avg. MAE: 0.07284518021798762
R2: 0.6977852584799441 +- 0.0
MAE: 0.07284518021798762 +- 0.0
