Fold: 1 	 Test r2: 0.7370 	 Test Loss: 0.0105 	 Test MAE: 0.0647
Fold: 2 	 Test r2: 0.7378 	 Test Loss: 0.0082 	 Test MAE: 0.0668
Fold: 3 	 Test r2: 0.8398 	 Test Loss: 0.0098 	 Test MAE: 0.0638
Fold: 4 	 Test r2: 0.6021 	 Test Loss: 0.0120 	 Test MAE: 0.0824
Fold: 5 	 Test r2: 0.6014 	 Test Loss: 0.0268 	 Test MAE: 0.0813
Final avg. r2:  0.7036118277281804
Final avg. MSE: 0.013448957689062046
Final avg. MAE: 0.07180411341619126
R2: 0.7036118277281804 +- 0.0
MAE: 0.07180411341619126 +- 0.0
