Fold: 1 	 Test r2: 0.6807 	 Test Loss: 0.0102 	 Test MAE: 0.0643
Fold: 2 	 Test r2: 0.7875 	 Test Loss: 0.0105 	 Test MAE: 0.0729
Fold: 3 	 Test r2: 0.6768 	 Test Loss: 0.0228 	 Test MAE: 0.0676
Fold: 4 	 Test r2: 0.7322 	 Test Loss: 0.0118 	 Test MAE: 0.0636
Fold: 5 	 Test r2: 0.7483 	 Test Loss: 0.0099 	 Test MAE: 0.0686
Final avg. r2:  0.7251028485384206
Final avg. MSE: 0.013023152289247952
Final avg. MAE: 0.06741102441929939
R2: 0.7251028485384206 +- 0.0
MAE: 0.06741102441929939 +- 0.0
