Fold: 1 	 Test r2: 0.8312 	 Test Loss: 0.0071 	 Test MAE: 0.0586
Fold: 2 	 Test r2: 0.6136 	 Test Loss: 0.0259 	 Test MAE: 0.0951
Fold: 3 	 Test r2: 0.8618 	 Test Loss: 0.0057 	 Test MAE: 0.0569
Fold: 4 	 Test r2: 0.8154 	 Test Loss: 0.0087 	 Test MAE: 0.0606
Fold: 5 	 Test r2: 0.5997 	 Test Loss: 0.0153 	 Test MAE: 0.0925
Final avg. r2:  0.7443479305428538
Final avg. MSE: 0.012547622958700277
Final avg. MAE: 0.07272814422415023
R2: 0.7443479305428538 +- 0.0
MAE: 0.07272814422415023 +- 0.0
