Fold: 1 	 Test r2: 0.6314 	 Test Loss: 0.0123 	 Test MAE: 0.0666
Fold: 2 	 Test r2: 0.7757 	 Test Loss: 0.0114 	 Test MAE: 0.0665
Fold: 3 	 Test r2: 0.6324 	 Test Loss: 0.0229 	 Test MAE: 0.0614
Fold: 4 	 Test r2: 0.8359 	 Test Loss: 0.0080 	 Test MAE: 0.0655
Fold: 5 	 Test r2: 0.8315 	 Test Loss: 0.0068 	 Test MAE: 0.0598
Final avg. r2:  0.7413839514199877
Final avg. MSE: 0.012260109953178569
Final avg. MAE: 0.06397060021365278
R2: 0.7413839514199877 +- 0.0
MAE: 0.06397060021365278 +- 0.0
