Fold: 1 	 Test r2: 0.6457 	 Test Loss: 0.0234 	 Test MAE: 0.0734
Fold: 2 	 Test r2: 0.8680 	 Test Loss: 0.0057 	 Test MAE: 0.0524
Fold: 3 	 Test r2: 0.5342 	 Test Loss: 0.0235 	 Test MAE: 0.1079
Fold: 4 	 Test r2: 0.8007 	 Test Loss: 0.0077 	 Test MAE: 0.0612
Fold: 5 	 Test r2: 0.7598 	 Test Loss: 0.0089 	 Test MAE: 0.0536
Final avg. r2:  0.7216839454593724
Final avg. MSE: 0.013851646056972016
Final avg. MAE: 0.0697005507542568
R2: 0.7216839454593724 +- 0.0
MAE: 0.0697005507542568 +- 0.0
