Fold: 1 	 Test r2: 0.8674 	 Test Loss: 0.0062 	 Test MAE: 0.0546
Fold: 2 	 Test r2: 0.7970 	 Test Loss: 0.0069 	 Test MAE: 0.0615
Fold: 3 	 Test r2: -0.0510 	 Test Loss: 0.0411 	 Test MAE: 0.1230
Fold: 4 	 Test r2: 0.6245 	 Test Loss: 0.0292 	 Test MAE: 0.0783
Fold: 5 	 Test r2: 0.8050 	 Test Loss: 0.0073 	 Test MAE: 0.0589
Final avg. r2:  0.6085759076843845
Final avg. MSE: 0.01815488774363986
Final avg. MAE: 0.0752391953395084
R2: 0.6085759076843845 +- 0.0
MAE: 0.0752391953395084 +- 0.0
