Fold: 1 	 Test r2: 0.4579 	 Test Loss: 0.0222 	 Test MAE: 0.0965
Fold: 2 	 Test r2: 0.5781 	 Test Loss: 0.0283 	 Test MAE: 0.0697
Fold: 3 	 Test r2: 0.7515 	 Test Loss: 0.0122 	 Test MAE: 0.0723
Fold: 4 	 Test r2: 0.7436 	 Test Loss: 0.0093 	 Test MAE: 0.0650
Fold: 5 	 Test r2: 0.8970 	 Test Loss: 0.0041 	 Test MAE: 0.0440
Final avg. r2:  0.6855977624300769
Final avg. MSE: 0.015195032243796489
Final avg. MAE: 0.0695084004327148
R2: 0.6855977624300769 +- 0.0
MAE: 0.0695084004327148 +- 0.0
