Fold: 1 	 Test r2: 0.8849 	 Test Loss: 0.0058 	 Test MAE: 0.0509
Fold: 2 	 Test r2: 0.8318 	 Test Loss: 0.0060 	 Test MAE: 0.0524
Fold: 3 	 Test r2: 0.7667 	 Test Loss: 0.0073 	 Test MAE: 0.0575
Fold: 4 	 Test r2: 0.7496 	 Test Loss: 0.0105 	 Test MAE: 0.0711
Fold: 5 	 Test r2: 0.5838 	 Test Loss: 0.0278 	 Test MAE: 0.0817
Final avg. r2:  0.7633583863942631
Final avg. MSE: 0.011490594822578587
Final avg. MAE: 0.06272118672551144
R2: 0.7633583863942631 +- 0.0
MAE: 0.06272118672551144 +- 0.0
