Fold: 1 	 Test r2: 0.7972 	 Test Loss: 0.0099 	 Test MAE: 0.0628
Fold: 2 	 Test r2: 0.8417 	 Test Loss: 0.0060 	 Test MAE: 0.0525
Fold: 3 	 Test r2: 0.6567 	 Test Loss: 0.0233 	 Test MAE: 0.0781
Fold: 4 	 Test r2: 0.8193 	 Test Loss: 0.0063 	 Test MAE: 0.0473
Fold: 5 	 Test r2: 0.8271 	 Test Loss: 0.0079 	 Test MAE: 0.0636
Final avg. r2:  0.7883843065776617
Final avg. MSE: 0.010687710173806339
Final avg. MAE: 0.06084680900699935
R2: 0.7883843065776617 +- 0.0
MAE: 0.06084680900699935 +- 0.0
