Fold: 1 	 Test r2: 0.5194 	 Test Loss: 0.0299 	 Test MAE: 0.0893
Fold: 2 	 Test r2: 0.7662 	 Test Loss: 0.0093 	 Test MAE: 0.0696
Fold: 3 	 Test r2: 0.8378 	 Test Loss: 0.0090 	 Test MAE: 0.0713
Fold: 4 	 Test r2: 0.7064 	 Test Loss: 0.0109 	 Test MAE: 0.0750
Fold: 5 	 Test r2: 0.5478 	 Test Loss: 0.0183 	 Test MAE: 0.0864
Final avg. r2:  0.6755057522273422
Final avg. MSE: 0.015487137677159016
Final avg. MAE: 0.07831130571866117
R2: 0.6755057522273422 +- 0.0
MAE: 0.07831130571866117 +- 0.0
