Fold: 1 	 Test r2: 0.8506 	 Test Loss: 0.0059 	 Test MAE: 0.0581
Fold: 2 	 Test r2: 0.7289 	 Test Loss: 0.0213 	 Test MAE: 0.0829
Fold: 3 	 Test r2: 0.6133 	 Test Loss: 0.0186 	 Test MAE: 0.0868
Fold: 4 	 Test r2: 0.5796 	 Test Loss: 0.0170 	 Test MAE: 0.0885
Fold: 5 	 Test r2: 0.6908 	 Test Loss: 0.0074 	 Test MAE: 0.0654
Final avg. r2:  0.6926506801714973
Final avg. MSE: 0.014036147032311212
Final avg. MAE: 0.07633258147405929
R2: 0.6926506801714973 +- 0.0
MAE: 0.07633258147405929 +- 0.0
