Fold: 1 	 Test r2: 0.6234 	 Test Loss: 0.0093 	 Test MAE: 0.0711
Fold: 2 	 Test r2: 0.7237 	 Test Loss: 0.0216 	 Test MAE: 0.0688
Fold: 3 	 Test r2: 0.7044 	 Test Loss: 0.0155 	 Test MAE: 0.0798
Fold: 4 	 Test r2: 0.7392 	 Test Loss: 0.0056 	 Test MAE: 0.0523
Fold: 5 	 Test r2: 0.8011 	 Test Loss: 0.0104 	 Test MAE: 0.0772
Final avg. r2:  0.7183528080858546
Final avg. MSE: 0.012497967382022268
Final avg. MAE: 0.06986695960556873
R2: 0.7183528080858546 +- 0.0
MAE: 0.06986695960556873 +- 0.0
