Fold: 1 	 Test r2: 0.6852 	 Test Loss: 0.0073 	 Test MAE: 0.0621
Fold: 2 	 Test r2: 0.8119 	 Test Loss: 0.0123 	 Test MAE: 0.0717
Fold: 3 	 Test r2: 0.7621 	 Test Loss: 0.0091 	 Test MAE: 0.0677
Fold: 4 	 Test r2: 0.5469 	 Test Loss: 0.0283 	 Test MAE: 0.0803
Fold: 5 	 Test r2: 0.7101 	 Test Loss: 0.0119 	 Test MAE: 0.0700
Final avg. r2:  0.7032584242142681
Final avg. MSE: 0.01377887837274403
Final avg. MAE: 0.07038385644555092
R2: 0.7032584242142681 +- 0.0
MAE: 0.07038385644555092 +- 0.0
