Fold: 1 	 Test r2: 0.5995 	 Test Loss: 0.0236 	 Test MAE: 0.0634
Fold: 2 	 Test r2: 0.7057 	 Test Loss: 0.0127 	 Test MAE: 0.0711
Fold: 3 	 Test r2: 0.8411 	 Test Loss: 0.0075 	 Test MAE: 0.0575
Fold: 4 	 Test r2: 0.8068 	 Test Loss: 0.0078 	 Test MAE: 0.0574
Fold: 5 	 Test r2: 0.8711 	 Test Loss: 0.0058 	 Test MAE: 0.0552
Final avg. r2:  0.7648334392803404
Final avg. MSE: 0.011502058004927884
Final avg. MAE: 0.0608965202241021
R2: 0.7648334392803404 +- 0.0
MAE: 0.0608965202241021 +- 0.0
