Fold: 1 	 Test r2: 0.7271 	 Test Loss: 0.0096 	 Test MAE: 0.0781
Fold: 2 	 Test r2: 0.0217 	 Test Loss: 0.0356 	 Test MAE: 0.0935
Fold: 3 	 Test r2: 0.8681 	 Test Loss: 0.0068 	 Test MAE: 0.0552
Fold: 4 	 Test r2: 0.8365 	 Test Loss: 0.0062 	 Test MAE: 0.0589
Fold: 5 	 Test r2: 0.7789 	 Test Loss: 0.0163 	 Test MAE: 0.0621
Final avg. r2:  0.6464668562666958
Final avg. MSE: 0.014898775243579469
Final avg. MAE: 0.06957341931050734
R2: 0.6464668562666958 +- 0.0
MAE: 0.06957341931050734 +- 0.0
