Fold: 1 	 Test r2: 0.7184 	 Test Loss: 0.0109 	 Test MAE: 0.0746
Fold: 2 	 Test r2: 0.6554 	 Test Loss: 0.0128 	 Test MAE: 0.0746
Fold: 3 	 Test r2: 0.6611 	 Test Loss: 0.0139 	 Test MAE: 0.0735
Fold: 4 	 Test r2: 0.5941 	 Test Loss: 0.0308 	 Test MAE: 0.0792
Fold: 5 	 Test r2: 0.7465 	 Test Loss: 0.0108 	 Test MAE: 0.0676
Final avg. r2:  0.6750870869815391
Final avg. MSE: 0.015857930145479107
Final avg. MAE: 0.07390254278521555
R2: 0.6750870869815391 +- 0.0
MAE: 0.07390254278521555 +- 0.0
