Fold: 1 	 Test r2: 0.6940 	 Test Loss: 0.0156 	 Test MAE: 0.0759
Fold: 2 	 Test r2: 0.8291 	 Test Loss: 0.0062 	 Test MAE: 0.0576
Fold: 3 	 Test r2: 0.8246 	 Test Loss: 0.0077 	 Test MAE: 0.0667
Fold: 4 	 Test r2: 0.6393 	 Test Loss: 0.0134 	 Test MAE: 0.0731
Fold: 5 	 Test r2: 0.5900 	 Test Loss: 0.0266 	 Test MAE: 0.0884
Final avg. r2:  0.7154029668302545
Final avg. MSE: 0.013930050099067361
Final avg. MAE: 0.07234553748957154
R2: 0.7154029668302545 +- 0.0
MAE: 0.07234553748957154 +- 0.0
