Fold: 1 	 Test r2: 0.8846 	 Test Loss: 0.0040 	 Test MAE: 0.0439
Fold: 2 	 Test r2: 0.7991 	 Test Loss: 0.0074 	 Test MAE: 0.0510
Fold: 3 	 Test r2: 0.4601 	 Test Loss: 0.0131 	 Test MAE: 0.0845
Fold: 4 	 Test r2: 0.6411 	 Test Loss: 0.0296 	 Test MAE: 0.0897
Fold: 5 	 Test r2: 0.6708 	 Test Loss: 0.0145 	 Test MAE: 0.0819
Final avg. r2:  0.6911480125095999
Final avg. MSE: 0.013748231836563155
Final avg. MAE: 0.07018069828334614
R2: 0.6911480125095999 +- 0.0
MAE: 0.07018069828334614 +- 0.0
