Fold: 1 	 Test r2: 0.4651 	 Test Loss: 0.0175 	 Test MAE: 0.0778
Fold: 2 	 Test r2: 0.4766 	 Test Loss: 0.0228 	 Test MAE: 0.1027
Fold: 3 	 Test r2: 0.7165 	 Test Loss: 0.0202 	 Test MAE: 0.0848
Fold: 4 	 Test r2: 0.8455 	 Test Loss: 0.0078 	 Test MAE: 0.0678
Fold: 5 	 Test r2: 0.8545 	 Test Loss: 0.0054 	 Test MAE: 0.0462
Final avg. r2:  0.6716352590747062
Final avg. MSE: 0.014755706353430084
Final avg. MAE: 0.07583853600762126
R2: 0.6716352590747062 +- 0.0
MAE: 0.07583853600762126 +- 0.0
