Fold: 1 	 Test r2: 0.6600 	 Test Loss: 0.0237 	 Test MAE: 0.0625
Fold: 2 	 Test r2: 0.7251 	 Test Loss: 0.0164 	 Test MAE: 0.0823
Fold: 3 	 Test r2: 0.6473 	 Test Loss: 0.0150 	 Test MAE: 0.0875
Fold: 4 	 Test r2: 0.6044 	 Test Loss: 0.0118 	 Test MAE: 0.0620
Fold: 5 	 Test r2: 0.8985 	 Test Loss: 0.0031 	 Test MAE: 0.0415
Final avg. r2:  0.7070752963442055
Final avg. MSE: 0.014003479806652721
Final avg. MAE: 0.06715782230567871
R2: 0.7070752963442055 +- 0.0
MAE: 0.06715782230567871 +- 0.0
