Fold: 1 	 Test r2: 0.8328 	 Test Loss: 0.0072 	 Test MAE: 0.0562
Fold: 2 	 Test r2: 0.3733 	 Test Loss: 0.0357 	 Test MAE: 0.0920
Fold: 3 	 Test r2: 0.7597 	 Test Loss: 0.0092 	 Test MAE: 0.0692
Fold: 4 	 Test r2: 0.6467 	 Test Loss: 0.0151 	 Test MAE: 0.0796
Fold: 5 	 Test r2: 0.7820 	 Test Loss: 0.0107 	 Test MAE: 0.0700
Final avg. r2:  0.6788920159847354
Final avg. MSE: 0.015587458721109598
Final avg. MAE: 0.07339398327606673
R2: 0.6788920159847354 +- 0.0
MAE: 0.07339398327606673 +- 0.0
