Fold: 1 	 Test r2: 0.7092 	 Test Loss: 0.0126 	 Test MAE: 0.0747
Fold: 2 	 Test r2: 0.7957 	 Test Loss: 0.0088 	 Test MAE: 0.0637
Fold: 3 	 Test r2: 0.8653 	 Test Loss: 0.0039 	 Test MAE: 0.0428
Fold: 4 	 Test r2: 0.7475 	 Test Loss: 0.0098 	 Test MAE: 0.0591
Fold: 5 	 Test r2: 0.5250 	 Test Loss: 0.0358 	 Test MAE: 0.1110
Final avg. r2:  0.7285550835813089
Final avg. MSE: 0.01419889450953648
Final avg. MAE: 0.07027633388710468
R2: 0.7285550835813089 +- 0.0
MAE: 0.07027633388710468 +- 0.0
