Fold: 1 	 Test r2: 0.7840 	 Test Loss: 0.0118 	 Test MAE: 0.0705
Fold: 2 	 Test r2: 0.6106 	 Test Loss: 0.0278 	 Test MAE: 0.0854
Fold: 3 	 Test r2: 0.7225 	 Test Loss: 0.0106 	 Test MAE: 0.0616
Fold: 4 	 Test r2: 0.8279 	 Test Loss: 0.0056 	 Test MAE: 0.0447
Fold: 5 	 Test r2: 0.7628 	 Test Loss: 0.0084 	 Test MAE: 0.0675
Final avg. r2:  0.741556597754216
Final avg. MSE: 0.012862294241333672
Final avg. MAE: 0.06593963133906122
R2: 0.741556597754216 +- 0.0
MAE: 0.06593963133906122 +- 0.0
