Fold: 1 	 Test r2: 0.6680 	 Test Loss: 0.0119 	 Test MAE: 0.0777
Fold: 2 	 Test r2: 0.7853 	 Test Loss: 0.0076 	 Test MAE: 0.0670
Fold: 3 	 Test r2: 0.6624 	 Test Loss: 0.0260 	 Test MAE: 0.0665
Fold: 4 	 Test r2: 0.6483 	 Test Loss: 0.0177 	 Test MAE: 0.0837
Fold: 5 	 Test r2: 0.8190 	 Test Loss: 0.0065 	 Test MAE: 0.0596
Final avg. r2:  0.7166324326206234
Final avg. MSE: 0.013950785617999414
Final avg. MAE: 0.07091260613797576
R2: 0.7166324326206234 +- 0.0
MAE: 0.07091260613797576 +- 0.0
