Fold: 1 	 Test r2: 0.7252 	 Test Loss: 0.0176 	 Test MAE: 0.0656
Fold: 2 	 Test r2: 0.7770 	 Test Loss: 0.0128 	 Test MAE: 0.0637
Fold: 3 	 Test r2: 0.7718 	 Test Loss: 0.0086 	 Test MAE: 0.0613
Fold: 4 	 Test r2: 0.6561 	 Test Loss: 0.0120 	 Test MAE: 0.0666
Fold: 5 	 Test r2: 0.6881 	 Test Loss: 0.0123 	 Test MAE: 0.0759
Final avg. r2:  0.7236415970425715
Final avg. MSE: 0.012654747613895062
Final avg. MAE: 0.06660350757543328
R2: 0.7236415970425715 +- 0.0
MAE: 0.06660350757543328 +- 0.0
