Fold: 1 	 Test r2: 0.7986 	 Test Loss: 0.0086 	 Test MAE: 0.0626
Fold: 2 	 Test r2: 0.6163 	 Test Loss: 0.0249 	 Test MAE: 0.0643
Fold: 3 	 Test r2: 0.8242 	 Test Loss: 0.0068 	 Test MAE: 0.0535
Fold: 4 	 Test r2: 0.6089 	 Test Loss: 0.0174 	 Test MAE: 0.0960
Fold: 5 	 Test r2: 0.7245 	 Test Loss: 0.0122 	 Test MAE: 0.0691
Final avg. r2:  0.7145172367520372
Final avg. MSE: 0.013971878464064655
Final avg. MAE: 0.06911193985035832
R2: 0.7145172367520372 +- 0.0
MAE: 0.06911193985035832 +- 0.0
