Fold: 1 	 Test r2: 0.7288 	 Test Loss: 0.0216 	 Test MAE: 0.0759
Fold: 2 	 Test r2: 0.6271 	 Test Loss: 0.0116 	 Test MAE: 0.0750
Fold: 3 	 Test r2: 0.8001 	 Test Loss: 0.0108 	 Test MAE: 0.0661
Fold: 4 	 Test r2: 0.8599 	 Test Loss: 0.0048 	 Test MAE: 0.0496
Fold: 5 	 Test r2: 0.8403 	 Test Loss: 0.0054 	 Test MAE: 0.0533
Final avg. r2:  0.7712381827062889
Final avg. MSE: 0.010821140539783414
Final avg. MAE: 0.0639885975960262
R2: 0.7712381827062889 +- 0.0
MAE: 0.0639885975960262 +- 0.0
