Fold: 1 	 Test r2: 0.6551 	 Test Loss: 0.0232 	 Test MAE: 0.0668
Fold: 2 	 Test r2: 0.4106 	 Test Loss: 0.0174 	 Test MAE: 0.0921
Fold: 3 	 Test r2: 0.8367 	 Test Loss: 0.0075 	 Test MAE: 0.0622
Fold: 4 	 Test r2: 0.6178 	 Test Loss: 0.0191 	 Test MAE: 0.0873
Fold: 5 	 Test r2: 0.7511 	 Test Loss: 0.0101 	 Test MAE: 0.0555
Final avg. r2:  0.6542283415017256
Final avg. MSE: 0.015460660168198337
Final avg. MAE: 0.07277111668000315
R2: 0.6542283415017256 +- 0.0
MAE: 0.07277111668000315 +- 0.0
