Fold: 1 	 Test r2: 0.8851 	 Test Loss: 0.0053 	 Test MAE: 0.0505
Fold: 2 	 Test r2: 0.6098 	 Test Loss: 0.0271 	 Test MAE: 0.0749
Fold: 3 	 Test r2: 0.8048 	 Test Loss: 0.0079 	 Test MAE: 0.0613
Fold: 4 	 Test r2: 0.7974 	 Test Loss: 0.0092 	 Test MAE: 0.0709
Fold: 5 	 Test r2: 0.5711 	 Test Loss: 0.0132 	 Test MAE: 0.0686
Final avg. r2:  0.7336239586798751
Final avg. MSE: 0.012553714172572509
Final avg. MAE: 0.06524443901175644
R2: 0.7336239586798751 +- 0.0
MAE: 0.06524443901175644 +- 0.0
