Fold: 1 	 Test r2: 0.6916 	 Test Loss: 0.0174 	 Test MAE: 0.0772
Fold: 2 	 Test r2: 0.6967 	 Test Loss: 0.0101 	 Test MAE: 0.0712
Fold: 3 	 Test r2: 0.8216 	 Test Loss: 0.0057 	 Test MAE: 0.0534
Fold: 4 	 Test r2: 0.8352 	 Test Loss: 0.0076 	 Test MAE: 0.0579
Fold: 5 	 Test r2: 0.5890 	 Test Loss: 0.0264 	 Test MAE: 0.0747
Final avg. r2:  0.7268182128362829
Final avg. MSE: 0.013423824854722937
Final avg. MAE: 0.06687508417280759
R2: 0.7268182128362829 +- 0.0
MAE: 0.06687508417280759 +- 0.0
