Fold: 1 	 Test r2: 0.8409 	 Test Loss: 211.0114 	 Test MAE: 11.3275
Fold: 2 	 Test r2: 0.7065 	 Test Loss: 418.4310 	 Test MAE: 12.3628
Fold: 3 	 Test r2: 0.8196 	 Test Loss: 250.5257 	 Test MAE: 11.9492
Fold: 4 	 Test r2: 0.9041 	 Test Loss: 148.6724 	 Test MAE: 9.4441
Fold: 5 	 Test r2: 0.8377 	 Test Loss: 173.9455 	 Test MAE: 8.9607
Final avg. r2:  0.8217443390617575
Final avg. MSE: 240.51719445523395
Final avg. MAE: 10.808849417595635
R2: 0.8217443390617575 +- 0.0
MAE: 10.808849417595635 +- 0.0
