Fold: 1 	 Test r2: 0.8418 	 Test Loss: 236.0965 	 Test MAE: 10.2869
Fold: 2 	 Test r2: 0.7135 	 Test Loss: 304.9219 	 Test MAE: 12.7081
Fold: 3 	 Test r2: 0.8879 	 Test Loss: 242.4987 	 Test MAE: 9.5327
Fold: 4 	 Test r2: 0.8598 	 Test Loss: 150.0159 	 Test MAE: 8.6661
Fold: 5 	 Test r2: 0.8235 	 Test Loss: 196.6192 	 Test MAE: 11.1236
Final avg. r2:  0.8253047610127485
Final avg. MSE: 226.03042607453926
Final avg. MAE: 10.463480498109545
R2: 0.8253047610127485 +- 0.0
MAE: 10.463480498109545 +- 0.0
