Fold: 1 	 Test r2: 0.8213 	 Test Loss: 246.9880 	 Test MAE: 12.2589
Fold: 2 	 Test r2: 0.8814 	 Test Loss: 142.2641 	 Test MAE: 9.8880
Fold: 3 	 Test r2: 0.7907 	 Test Loss: 385.8345 	 Test MAE: 12.1400
Fold: 4 	 Test r2: 0.9360 	 Test Loss: 73.4596 	 Test MAE: 7.1141
Fold: 5 	 Test r2: 0.8366 	 Test Loss: 237.9991 	 Test MAE: 10.4323
Final avg. r2:  0.8531923014876341
Final avg. MSE: 217.30903874838185
Final avg. MAE: 10.366643626349314
R2: 0.8531923014876341 +- 0.0
MAE: 10.366643626349314 +- 0.0
