Fold: 1 	 Test r2: 0.7431 	 Test Loss: 350.9681 	 Test MAE: 13.0577
Fold: 2 	 Test r2: 0.7887 	 Test Loss: 382.0518 	 Test MAE: 12.1901
Fold: 3 	 Test r2: 0.7973 	 Test Loss: 191.6081 	 Test MAE: 11.1288
Fold: 4 	 Test r2: 0.8190 	 Test Loss: 213.7802 	 Test MAE: 11.8239
Fold: 5 	 Test r2: 0.9124 	 Test Loss: 150.9617 	 Test MAE: 8.6734
Final avg. r2:  0.8121047765067546
Final avg. MSE: 257.87397344543706
Final avg. MAE: 11.37476461927096
R2: 0.8121047765067546 +- 0.0
MAE: 11.37476461927096 +- 0.0
