Fold: 1 	 Test r2: 0.7979 	 Test Loss: 179.5531 	 Test MAE: 10.8668
Fold: 2 	 Test r2: 0.8755 	 Test Loss: 270.7463 	 Test MAE: 10.1027
Fold: 3 	 Test r2: 0.8463 	 Test Loss: 217.6679 	 Test MAE: 11.0943
Fold: 4 	 Test r2: 0.8119 	 Test Loss: 264.5872 	 Test MAE: 11.8537
Fold: 5 	 Test r2: 0.7316 	 Test Loss: 314.9878 	 Test MAE: 13.3747
Final avg. r2:  0.8126355822147268
Final avg. MSE: 249.5084556601195
Final avg. MAE: 11.458420960108437
R2: 0.8126355822147268 +- 0.0
MAE: 11.458420960108437 +- 0.0
