Fold: 1 	 Test r2: 0.8308 	 Test Loss: 266.7334 	 Test MAE: 12.3982
Fold: 2 	 Test r2: 0.7711 	 Test Loss: 198.1525 	 Test MAE: 10.3689
Fold: 3 	 Test r2: 0.8410 	 Test Loss: 187.9198 	 Test MAE: 10.6661
Fold: 4 	 Test r2: 0.8258 	 Test Loss: 231.8686 	 Test MAE: 10.1045
Fold: 5 	 Test r2: 0.8138 	 Test Loss: 378.9918 	 Test MAE: 11.7983
Final avg. r2:  0.8164785300337399
Final avg. MSE: 252.73320296918982
Final avg. MAE: 11.067193610185669
R2: 0.8164785300337399 +- 0.0
MAE: 11.067193610185669 +- 0.0
