Fold: 1 	 Test r2: 0.8708 	 Test Loss: 244.5541 	 Test MAE: 12.0297
Fold: 2 	 Test r2: 0.7971 	 Test Loss: 355.3431 	 Test MAE: 13.0309
Fold: 3 	 Test r2: 0.8889 	 Test Loss: 168.8391 	 Test MAE: 9.2448
Fold: 4 	 Test r2: 0.4679 	 Test Loss: 375.4214 	 Test MAE: 12.4446
Fold: 5 	 Test r2: 0.7170 	 Test Loss: 344.8925 	 Test MAE: 13.9131
Final avg. r2:  0.7483379242888839
Final avg. MSE: 297.8100429142009
Final avg. MAE: 12.132604741340591
R2: 0.7483379242888839 +- 0.0
MAE: 12.132604741340591 +- 0.0
