Fold: 1 	 Test r2: 0.8258 	 Test Loss: 209.2241 	 Test MAE: 11.1123
Fold: 2 	 Test r2: 0.8843 	 Test Loss: 166.6835 	 Test MAE: 9.9864
Fold: 3 	 Test r2: 0.7022 	 Test Loss: 628.1894 	 Test MAE: 15.5565
Fold: 4 	 Test r2: 0.7796 	 Test Loss: 241.9965 	 Test MAE: 11.6710
Fold: 5 	 Test r2: 0.7912 	 Test Loss: 255.0446 	 Test MAE: 10.2473
Final avg. r2:  0.7966218168461949
Final avg. MSE: 300.22763343972855
Final avg. MAE: 11.714699350794158
R2: 0.7966218168461949 +- 0.0
MAE: 11.714699350794158 +- 0.0
