Fold: 1 	 Test r2: 0.8256 	 Test Loss: 273.6943 	 Test MAE: 11.1315
Fold: 2 	 Test r2: 0.8839 	 Test Loss: 126.7154 	 Test MAE: 8.4645
Fold: 3 	 Test r2: 0.8555 	 Test Loss: 234.1802 	 Test MAE: 9.9418
Fold: 4 	 Test r2: 0.6543 	 Test Loss: 535.9404 	 Test MAE: 13.3251
Fold: 5 	 Test r2: 0.8198 	 Test Loss: 223.5515 	 Test MAE: 9.9482
Final avg. r2:  0.8077985725722467
Final avg. MSE: 278.8163581681424
Final avg. MAE: 10.562220811418126
R2: 0.8077985725722467 +- 0.0
MAE: 10.562220811418126 +- 0.0
