Fold: 1 	 Test r2: 0.7775 	 Test Loss: 206.8950 	 Test MAE: 10.5495
Fold: 2 	 Test r2: 0.7741 	 Test Loss: 445.3888 	 Test MAE: 13.7009
Fold: 3 	 Test r2: 0.8007 	 Test Loss: 203.4379 	 Test MAE: 10.7999
Fold: 4 	 Test r2: 0.7745 	 Test Loss: 305.0469 	 Test MAE: 12.7313
Fold: 5 	 Test r2: 0.7685 	 Test Loss: 375.4189 	 Test MAE: 15.3888
Final avg. r2:  0.7790724758014781
Final avg. MSE: 307.23752103813666
Final avg. MAE: 12.63407285667601
R2: 0.7790724758014781 +- 0.0
MAE: 12.63407285667601 +- 0.0
