Fold: 1 	 Test r2: 0.8339 	 Test Loss: 186.5122 	 Test MAE: 10.9870
Fold: 2 	 Test r2: 0.8739 	 Test Loss: 185.1857 	 Test MAE: 9.6592
Fold: 3 	 Test r2: 0.4469 	 Test Loss: 459.6148 	 Test MAE: 17.3130
Fold: 4 	 Test r2: 0.7321 	 Test Loss: 622.9654 	 Test MAE: 16.6839
Fold: 5 	 Test r2: 0.7530 	 Test Loss: 298.0798 	 Test MAE: 12.2962
Final avg. r2:  0.7279726398391917
Final avg. MSE: 350.47157214249734
Final avg. MAE: 13.38788375797726
R2: 0.7279726398391917 +- 0.0
MAE: 13.38788375797726 +- 0.0
