Fold: 1 	 Test r2: 0.9135 	 Test Loss: 108.9826 	 Test MAE: 7.8987
Fold: 2 	 Test r2: 0.8862 	 Test Loss: 106.3678 	 Test MAE: 7.9334
Fold: 3 	 Test r2: 0.7559 	 Test Loss: 386.9018 	 Test MAE: 12.0461
Fold: 4 	 Test r2: 0.7618 	 Test Loss: 477.4844 	 Test MAE: 16.4541
Fold: 5 	 Test r2: 0.7509 	 Test Loss: 287.7290 	 Test MAE: 11.8479
Final avg. r2:  0.8136406525458735
Final avg. MSE: 273.4931302211373
Final avg. MAE: 11.236041068463098
R2: 0.8136406525458735 +- 0.0
MAE: 11.236041068463098 +- 0.0
