Fold: 1 	 Test r2: 0.8460 	 Test Loss: 194.6818 	 Test MAE: 10.6939
Fold: 2 	 Test r2: 0.8109 	 Test Loss: 322.9080 	 Test MAE: 10.8966
Fold: 3 	 Test r2: 0.6978 	 Test Loss: 378.1394 	 Test MAE: 13.3689
Fold: 4 	 Test r2: 0.7378 	 Test Loss: 391.0492 	 Test MAE: 14.5277
Fold: 5 	 Test r2: 0.8147 	 Test Loss: 236.0210 	 Test MAE: 11.1927
Final avg. r2:  0.7814283111184587
Final avg. MSE: 304.55988052591
Final avg. MAE: 12.13595984904539
R2: 0.7814283111184587 +- 0.0
MAE: 12.13595984904539 +- 0.0
