Fold: 1 	 Test r2: 0.7705 	 Test Loss: 182.1588 	 Test MAE: 10.0787
Fold: 2 	 Test r2: 0.8830 	 Test Loss: 178.5493 	 Test MAE: 10.4738
Fold: 3 	 Test r2: 0.7569 	 Test Loss: 342.7614 	 Test MAE: 14.9645
Fold: 4 	 Test r2: 0.8343 	 Test Loss: 225.6629 	 Test MAE: 11.3508
Fold: 5 	 Test r2: 0.5671 	 Test Loss: 793.8850 	 Test MAE: 15.2166
Final avg. r2:  0.7623851012007549
Final avg. MSE: 344.60347969908327
Final avg. MAE: 12.416896570296515
R2: 0.7623851012007549 +- 0.0
MAE: 12.416896570296515 +- 0.0
