Fold: 1 	 Test r2: 0.7874 	 Test Loss: 258.2636 	 Test MAE: 11.2636
Fold: 2 	 Test r2: 0.8623 	 Test Loss: 201.1215 	 Test MAE: 10.0764
Fold: 3 	 Test r2: 0.8041 	 Test Loss: 202.5496 	 Test MAE: 9.6123
Fold: 4 	 Test r2: 0.7679 	 Test Loss: 269.5712 	 Test MAE: 11.4767
Fold: 5 	 Test r2: 0.7489 	 Test Loss: 510.1916 	 Test MAE: 12.7997
Final avg. r2:  0.7941164170046511
Final avg. MSE: 288.3395075471919
Final avg. MAE: 11.045730849745727
R2: 0.7941164170046511 +- 0.0
MAE: 11.045730849745727 +- 0.0
