Fold: 1 	 Test r2: 0.8691 	 Test Loss: 188.3415 	 Test MAE: 10.7976
Fold: 2 	 Test r2: 0.8189 	 Test Loss: 312.9978 	 Test MAE: 11.9760
Fold: 3 	 Test r2: 0.7035 	 Test Loss: 290.4785 	 Test MAE: 12.5382
Fold: 4 	 Test r2: 0.7628 	 Test Loss: 303.3891 	 Test MAE: 14.2525
Fold: 5 	 Test r2: 0.8030 	 Test Loss: 307.6401 	 Test MAE: 12.3211
Final avg. r2:  0.7914599794335239
Final avg. MSE: 280.5694255250197
Final avg. MAE: 12.377085945719765
R2: 0.7914599794335239 +- 0.0
MAE: 12.377085945719765 +- 0.0
