Fold: 1 	 Test r2: 0.7706 	 Test Loss: 269.2497 	 Test MAE: 11.4567
Fold: 2 	 Test r2: 0.9520 	 Test Loss: 86.0547 	 Test MAE: 7.5277
Fold: 3 	 Test r2: 0.6141 	 Test Loss: 633.5482 	 Test MAE: 18.6770
Fold: 4 	 Test r2: 0.7815 	 Test Loss: 156.0234 	 Test MAE: 8.4642
Fold: 5 	 Test r2: 0.8182 	 Test Loss: 316.4168 	 Test MAE: 10.1690
Final avg. r2:  0.7872785608797043
Final avg. MSE: 292.2585684089575
Final avg. MAE: 11.258919953448432
R2: 0.7872785608797043 +- 0.0
MAE: 11.258919953448432 +- 0.0
