Fold: 1 	 Test r2: 0.8135 	 Test Loss: 262.8066 	 Test MAE: 10.3633
Fold: 2 	 Test r2: 0.8262 	 Test Loss: 192.8965 	 Test MAE: 10.3065
Fold: 3 	 Test r2: 0.7439 	 Test Loss: 464.7371 	 Test MAE: 13.0418
Fold: 4 	 Test r2: 0.7712 	 Test Loss: 282.5974 	 Test MAE: 13.0484
Fold: 5 	 Test r2: 0.8354 	 Test Loss: 239.4771 	 Test MAE: 12.1384
Final avg. r2:  0.798030889062967
Final avg. MSE: 288.5029404437338
Final avg. MAE: 11.779685643173398
R2: 0.798030889062967 +- 0.0
MAE: 11.779685643173398 +- 0.0
