Fold: 1 	 Test r2: 0.8044 	 Test Loss: 188.7580 	 Test MAE: 10.7390
Fold: 2 	 Test r2: 0.7304 	 Test Loss: 335.4577 	 Test MAE: 10.6263
Fold: 3 	 Test r2: 0.8836 	 Test Loss: 190.4487 	 Test MAE: 11.0895
Fold: 4 	 Test r2: 0.8538 	 Test Loss: 258.0996 	 Test MAE: 9.8349
Fold: 5 	 Test r2: 0.8579 	 Test Loss: 202.3074 	 Test MAE: 10.4440
Final avg. r2:  0.8260097550551073
Final avg. MSE: 235.01426793540486
Final avg. MAE: 10.54674547513326
R2: 0.8260097550551073 +- 0.0
MAE: 10.54674547513326 +- 0.0
