Fold: 1 	 Test r2: 0.8280 	 Test Loss: 227.9287 	 Test MAE: 9.6419
Fold: 2 	 Test r2: 0.7735 	 Test Loss: 265.0347 	 Test MAE: 12.5774
Fold: 3 	 Test r2: 0.6637 	 Test Loss: 558.7333 	 Test MAE: 13.3737
Fold: 4 	 Test r2: 0.8947 	 Test Loss: 169.7720 	 Test MAE: 10.1679
Fold: 5 	 Test r2: 0.6978 	 Test Loss: 401.1372 	 Test MAE: 15.1631
Final avg. r2:  0.7715582629885412
Final avg. MSE: 324.5211853998834
Final avg. MAE: 12.184810190115655
R2: 0.7715582629885412 +- 0.0
MAE: 12.184810190115655 +- 0.0
