Fold: 1 	 Test r2: 0.8289 	 Test Loss: 252.8128 	 Test MAE: 9.9777
Fold: 2 	 Test r2: 0.7210 	 Test Loss: 419.1096 	 Test MAE: 12.9066
Fold: 3 	 Test r2: 0.7692 	 Test Loss: 246.4974 	 Test MAE: 11.2256
Fold: 4 	 Test r2: 0.8410 	 Test Loss: 192.3987 	 Test MAE: 10.1971
Fold: 5 	 Test r2: 0.8939 	 Test Loss: 192.5515 	 Test MAE: 10.5333
Final avg. r2:  0.8107808565909
Final avg. MSE: 260.67399673147327
Final avg. MAE: 10.968065160229092
R2: 0.8107808565909 +- 0.0
MAE: 10.968065160229092 +- 0.0
