Fold: 1 	 Test r2: 0.8192 	 Test Loss: 225.8534 	 Test MAE: 11.2979
Fold: 2 	 Test r2: 0.7434 	 Test Loss: 470.3649 	 Test MAE: 12.1820
Fold: 3 	 Test r2: 0.8984 	 Test Loss: 170.1866 	 Test MAE: 9.0538
Fold: 4 	 Test r2: 0.6833 	 Test Loss: 434.8475 	 Test MAE: 16.4094
Fold: 5 	 Test r2: 0.7708 	 Test Loss: 214.5576 	 Test MAE: 11.5722
Final avg. r2:  0.7830281111928559
Final avg. MSE: 303.16199052136653
Final avg. MAE: 12.103063588341076
R2: 0.7830281111928559 +- 0.0
MAE: 12.103063588341076 +- 0.0
