Fold: 1 	 Test r2: 0.7653 	 Test Loss: 377.5506 	 Test MAE: 10.9551
Fold: 2 	 Test r2: 0.7987 	 Test Loss: 278.8582 	 Test MAE: 12.1774
Fold: 3 	 Test r2: 0.8255 	 Test Loss: 145.1775 	 Test MAE: 8.9588
Fold: 4 	 Test r2: 0.6775 	 Test Loss: 358.6080 	 Test MAE: 12.8482
Fold: 5 	 Test r2: 0.7589 	 Test Loss: 441.0686 	 Test MAE: 16.4287
Final avg. r2:  0.7651850408277312
Final avg. MSE: 320.25259905429897
Final avg. MAE: 12.27362985440663
R2: 0.7651850408277312 +- 0.0
MAE: 12.27362985440663 +- 0.0
