Fold: 1 	 Test r2: 0.8924 	 Test Loss: 155.6203 	 Test MAE: 8.5617
Fold: 2 	 Test r2: 0.8805 	 Test Loss: 178.8801 	 Test MAE: 10.2019
Fold: 3 	 Test r2: 0.7704 	 Test Loss: 294.2157 	 Test MAE: 12.8907
Fold: 4 	 Test r2: 0.8201 	 Test Loss: 200.3519 	 Test MAE: 10.0450
Fold: 5 	 Test r2: 0.7288 	 Test Loss: 444.7791 	 Test MAE: 11.8084
Final avg. r2:  0.8184236182892223
Final avg. MSE: 254.76939900071096
Final avg. MAE: 10.701525853361401
R2: 0.8184236182892223 +- 0.0
MAE: 10.701525853361401 +- 0.0
