Fold: 1 	 Test r2: 0.5621 	 Test Loss: 373.7895 	 Test MAE: 14.1158
Fold: 2 	 Test r2: 0.7757 	 Test Loss: 159.7300 	 Test MAE: 9.4374
Fold: 3 	 Test r2: 0.7445 	 Test Loss: 430.2948 	 Test MAE: 14.1029
Fold: 4 	 Test r2: 0.9228 	 Test Loss: 172.5809 	 Test MAE: 10.0953
Fold: 5 	 Test r2: 0.8414 	 Test Loss: 226.3808 	 Test MAE: 13.0232
Final avg. r2:  0.7692957246053809
Final avg. MSE: 272.55519492629526
Final avg. MAE: 12.154926370580991
R2: 0.7692957246053809 +- 0.0
MAE: 12.154926370580991 +- 0.0
