Fold: 1 	 Test r2: 0.9036 	 Test Loss: 120.4380 	 Test MAE: 8.4037
Fold: 2 	 Test r2: 0.8710 	 Test Loss: 193.5607 	 Test MAE: 9.7622
Fold: 3 	 Test r2: 0.6887 	 Test Loss: 311.0977 	 Test MAE: 13.0274
Fold: 4 	 Test r2: 0.8394 	 Test Loss: 238.0483 	 Test MAE: 12.2757
Fold: 5 	 Test r2: 0.7283 	 Test Loss: 508.6580 	 Test MAE: 11.4359
Final avg. r2:  0.8062080477322097
Final avg. MSE: 274.3605605398778
Final avg. MAE: 10.9809835649672
R2: 0.8062080477322097 +- 0.0
MAE: 10.9809835649672 +- 0.0
