Fold: 1 	 Test r2: 0.8418 	 Test Loss: 169.5797 	 Test MAE: 10.2556
Fold: 2 	 Test r2: 0.6693 	 Test Loss: 591.7649 	 Test MAE: 14.0714
Fold: 3 	 Test r2: 0.8169 	 Test Loss: 273.0792 	 Test MAE: 11.5033
Fold: 4 	 Test r2: 0.8644 	 Test Loss: 151.0263 	 Test MAE: 9.3733
Fold: 5 	 Test r2: 0.8478 	 Test Loss: 241.4705 	 Test MAE: 11.6050
Final avg. r2:  0.8080515191503397
Final avg. MSE: 285.38411434596003
Final avg. MAE: 11.361717106614794
R2: 0.8080515191503397 +- 0.0
MAE: 11.361717106614794 +- 0.0
