Fold: 1 	 Test r2: 0.7119 	 Test Loss: 407.7639 	 Test MAE: 13.3831
Fold: 2 	 Test r2: 0.8619 	 Test Loss: 165.5806 	 Test MAE: 10.4362
Fold: 3 	 Test r2: 0.7692 	 Test Loss: 431.1628 	 Test MAE: 11.7618
Fold: 4 	 Test r2: 0.6814 	 Test Loss: 378.5506 	 Test MAE: 13.9754
Fold: 5 	 Test r2: 0.9196 	 Test Loss: 109.1612 	 Test MAE: 8.2120
Final avg. r2:  0.7888030939298403
Final avg. MSE: 298.44383086941946
Final avg. MAE: 11.553699577422368
R2: 0.7888030939298403 +- 0.0
MAE: 11.553699577422368 +- 0.0
