Fold: 1 	 Test r2: 0.8281 	 Test Loss: 380.5334 	 Test MAE: 11.4757
Fold: 2 	 Test r2: 0.6245 	 Test Loss: 550.4801 	 Test MAE: 15.6438
Fold: 3 	 Test r2: 0.8020 	 Test Loss: 206.5367 	 Test MAE: 10.3470
Fold: 4 	 Test r2: 0.6974 	 Test Loss: 298.8407 	 Test MAE: 13.1549
Fold: 5 	 Test r2: 0.7960 	 Test Loss: 283.8150 	 Test MAE: 12.3117
Final avg. r2:  0.749608343093352
Final avg. MSE: 344.0411856634214
Final avg. MAE: 12.586631836635727
R2: 0.749608343093352 +- 0.0
MAE: 12.586631836635727 +- 0.0
