Fold: 1 	 Test r2: 0.8954 	 Test Loss: 155.2123 	 Test MAE: 10.0986
Fold: 2 	 Test r2: 0.7887 	 Test Loss: 305.9206 	 Test MAE: 13.3672
Fold: 3 	 Test r2: 0.7127 	 Test Loss: 406.5703 	 Test MAE: 13.0659
Fold: 4 	 Test r2: 0.9179 	 Test Loss: 120.3438 	 Test MAE: 8.8615
Fold: 5 	 Test r2: 0.7585 	 Test Loss: 293.4660 	 Test MAE: 10.3237
Final avg. r2:  0.8146316984427996
Final avg. MSE: 256.30260303665284
Final avg. MAE: 11.143404097500301
R2: 0.8146316984427996 +- 0.0
MAE: 11.143404097500301 +- 0.0
