Fold: 1 	 Test r2: 0.6215 	 Test Loss: 435.2378 	 Test MAE: 14.2279
Fold: 2 	 Test r2: 0.7050 	 Test Loss: 513.4602 	 Test MAE: 12.9857
Fold: 3 	 Test r2: 0.7348 	 Test Loss: 390.6399 	 Test MAE: 16.2188
Fold: 4 	 Test r2: 0.7071 	 Test Loss: 279.2082 	 Test MAE: 11.8889
Fold: 5 	 Test r2: 0.8484 	 Test Loss: 255.1859 	 Test MAE: 12.2364
Final avg. r2:  0.7233601742620623
Final avg. MSE: 374.74639260345685
Final avg. MAE: 13.511527829510825
R2: 0.7233601742620623 +- 0.0
MAE: 13.511527829510825 +- 0.0
