Fold: 1 	 Test r2: 0.8416 	 Test Loss: 189.9495 	 Test MAE: 9.7011
Fold: 2 	 Test r2: 0.7580 	 Test Loss: 455.2756 	 Test MAE: 13.9588
Fold: 3 	 Test r2: 0.8810 	 Test Loss: 149.3756 	 Test MAE: 9.6445
Fold: 4 	 Test r2: 0.8968 	 Test Loss: 114.2639 	 Test MAE: 7.7040
Fold: 5 	 Test r2: 0.8894 	 Test Loss: 181.8180 	 Test MAE: 10.4959
Final avg. r2:  0.8533775902026051
Final avg. MSE: 218.13650099937544
Final avg. MAE: 10.300871399470738
R2: 0.8533775902026051 +- 0.0
MAE: 10.300871399470738 +- 0.0
