Fold: 1 	 Test r2: 0.8413 	 Test Loss: 223.3370 	 Test MAE: 9.1558
Fold: 2 	 Test r2: 0.8139 	 Test Loss: 210.3722 	 Test MAE: 11.3651
Fold: 3 	 Test r2: 0.8550 	 Test Loss: 204.6293 	 Test MAE: 9.8132
Fold: 4 	 Test r2: 0.6741 	 Test Loss: 729.9108 	 Test MAE: 16.6180
Fold: 5 	 Test r2: 0.7083 	 Test Loss: 204.6904 	 Test MAE: 10.3212
Final avg. r2:  0.7785250175339989
Final avg. MSE: 314.5879395130741
Final avg. MAE: 11.454645467939832
R2: 0.7785250175339989 +- 0.0
MAE: 11.454645467939832 +- 0.0
