Fold: 1 	 Test r2: 0.8028 	 Test Loss: 239.3966 	 Test MAE: 11.4994
Fold: 2 	 Test r2: 0.6583 	 Test Loss: 738.2993 	 Test MAE: 17.7502
Fold: 3 	 Test r2: 0.7742 	 Test Loss: 264.2179 	 Test MAE: 11.1876
Fold: 4 	 Test r2: 0.7460 	 Test Loss: 304.9710 	 Test MAE: 13.9262
Fold: 5 	 Test r2: 0.7595 	 Test Loss: 308.4352 	 Test MAE: 12.4543
Final avg. r2:  0.7481505635262289
Final avg. MSE: 371.06398982594123
Final avg. MAE: 13.363547648418518
R2: 0.7481505635262289 +- 0.0
MAE: 13.363547648418518 +- 0.0
