Fold: 1 	 Test r2: 0.7371 	 Test Loss: 285.3855 	 Test MAE: 12.1979
Fold: 2 	 Test r2: 0.8656 	 Test Loss: 177.3394 	 Test MAE: 10.3087
Fold: 3 	 Test r2: 0.9109 	 Test Loss: 126.7736 	 Test MAE: 7.4671
Fold: 4 	 Test r2: 0.5972 	 Test Loss: 597.4298 	 Test MAE: 12.6825
Fold: 5 	 Test r2: 0.9110 	 Test Loss: 138.9591 	 Test MAE: 8.8131
Final avg. r2:  0.8043849424236234
Final avg. MSE: 265.1774765005329
Final avg. MAE: 10.293881067775544
R2: 0.8043849424236234 +- 0.0
MAE: 10.293881067775544 +- 0.0
