Fold: 1 	 Test r2: 0.8960 	 Test Loss: 180.4340 	 Test MAE: 10.0150
Fold: 2 	 Test r2: 0.7218 	 Test Loss: 323.0279 	 Test MAE: 12.8373
Fold: 3 	 Test r2: 0.8212 	 Test Loss: 194.3386 	 Test MAE: 9.1114
Fold: 4 	 Test r2: 0.7671 	 Test Loss: 248.9244 	 Test MAE: 11.6901
Fold: 5 	 Test r2: 0.8302 	 Test Loss: 341.6521 	 Test MAE: 11.2605
Final avg. r2:  0.807262795811865
Final avg. MSE: 257.6753866182572
Final avg. MAE: 10.98286035387289
R2: 0.807262795811865 +- 0.0
MAE: 10.98286035387289 +- 0.0
