Fold: 1 	 Test r2: 0.9169 	 Test Loss: 123.7284 	 Test MAE: 8.8686
Fold: 2 	 Test r2: 0.8919 	 Test Loss: 110.7411 	 Test MAE: 7.1909
Fold: 3 	 Test r2: 0.8336 	 Test Loss: 320.0637 	 Test MAE: 13.4435
Fold: 4 	 Test r2: 0.6689 	 Test Loss: 495.5997 	 Test MAE: 13.5593
Fold: 5 	 Test r2: 0.8416 	 Test Loss: 173.4588 	 Test MAE: 9.9961
Final avg. r2:  0.8305988178200275
Final avg. MSE: 244.7183421066154
Final avg. MAE: 10.611666653553645
R2: 0.8305988178200275 +- 0.0
MAE: 10.611666653553645 +- 0.0
