Fold: 1 	 Test r2: 0.8907 	 Test Loss: 144.1129 	 Test MAE: 8.4701
Fold: 2 	 Test r2: 0.8089 	 Test Loss: 225.0834 	 Test MAE: 10.8093
Fold: 3 	 Test r2: 0.4856 	 Test Loss: 1023.9842 	 Test MAE: 20.5164
Fold: 4 	 Test r2: 0.7368 	 Test Loss: 392.8239 	 Test MAE: 16.4953
Fold: 5 	 Test r2: 0.7880 	 Test Loss: 222.8476 	 Test MAE: 9.7782
Final avg. r2:  0.742010485740568
Final avg. MSE: 401.77039815289385
Final avg. MAE: 13.213862104359126
R2: 0.742010485740568 +- 0.0
MAE: 13.213862104359126 +- 0.0
