Fold: 1 	 Test r2: 0.8700 	 Test Loss: 176.1805 	 Test MAE: 8.9748
Fold: 2 	 Test r2: 0.8436 	 Test Loss: 158.7032 	 Test MAE: 8.7177
Fold: 3 	 Test r2: 0.8399 	 Test Loss: 280.3649 	 Test MAE: 12.7749
Fold: 4 	 Test r2: 0.6608 	 Test Loss: 512.4304 	 Test MAE: 13.3228
Fold: 5 	 Test r2: 0.7109 	 Test Loss: 384.4039 	 Test MAE: 15.0389
Final avg. r2:  0.7850309337011346
Final avg. MSE: 302.4165746476756
Final avg. MAE: 11.765823338145301
R2: 0.7850309337011346 +- 0.0
MAE: 11.765823338145301 +- 0.0
