Fold: 1 	 Test r2: 0.8938 	 Test Loss: 139.7463 	 Test MAE: 9.0383
Fold: 2 	 Test r2: 0.8227 	 Test Loss: 277.8818 	 Test MAE: 10.6268
Fold: 3 	 Test r2: 0.6414 	 Test Loss: 451.3137 	 Test MAE: 15.3864
Fold: 4 	 Test r2: 0.8494 	 Test Loss: 186.6921 	 Test MAE: 11.5649
Fold: 5 	 Test r2: 0.8247 	 Test Loss: 291.6301 	 Test MAE: 13.5139
Final avg. r2:  0.8063954153836612
Final avg. MSE: 269.45278383760785
Final avg. MAE: 12.026045971257346
R2: 0.8063954153836612 +- 0.0
MAE: 12.026045971257346 +- 0.0
