Fold: 1 	 Test r2: 0.5551 	 Test Loss: 679.5603 	 Test MAE: 17.6022
Fold: 2 	 Test r2: 0.9522 	 Test Loss: 92.4366 	 Test MAE: 7.5760
Fold: 3 	 Test r2: 0.7480 	 Test Loss: 164.1807 	 Test MAE: 9.7814
Fold: 4 	 Test r2: 0.8315 	 Test Loss: 288.6219 	 Test MAE: 14.3345
Fold: 5 	 Test r2: 0.5288 	 Test Loss: 486.0487 	 Test MAE: 15.7180
Final avg. r2:  0.7231161870666534
Final avg. MSE: 342.16964153905735
Final avg. MAE: 13.002409329300836
R2: 0.7231161870666534 +- 0.0
MAE: 13.002409329300836 +- 0.0
