Fold: 1 	 Test r2: 0.8297 	 Test Loss: 333.0795 	 Test MAE: 9.8922
Fold: 2 	 Test r2: 0.7758 	 Test Loss: 279.3263 	 Test MAE: 13.6773
Fold: 3 	 Test r2: 0.8320 	 Test Loss: 193.5491 	 Test MAE: 9.1235
Fold: 4 	 Test r2: 0.8833 	 Test Loss: 179.9939 	 Test MAE: 10.9027
Fold: 5 	 Test r2: 0.6878 	 Test Loss: 368.0248 	 Test MAE: 14.6759
Final avg. r2:  0.8017525682934235
Final avg. MSE: 270.79471223977885
Final avg. MAE: 11.65432996380897
R2: 0.8017525682934235 +- 0.0
MAE: 11.65432996380897 +- 0.0
