Fold: 1 	 Test r2: 0.8381 	 Test Loss: 208.1234 	 Test MAE: 11.3168
Fold: 2 	 Test r2: 0.8478 	 Test Loss: 120.5789 	 Test MAE: 9.1445
Fold: 3 	 Test r2: 0.8339 	 Test Loss: 374.0928 	 Test MAE: 11.8166
Fold: 4 	 Test r2: 0.8113 	 Test Loss: 272.2668 	 Test MAE: 12.8932
Fold: 5 	 Test r2: 0.5684 	 Test Loss: 574.1152 	 Test MAE: 17.8514
Final avg. r2:  0.7798903746760476
Final avg. MSE: 309.8353882743018
Final avg. MAE: 12.604485503264836
R2: 0.7798903746760476 +- 0.0
MAE: 12.604485503264836 +- 0.0
