Fold: 1 	 Test r2: 0.6941 	 Test Loss: 477.4072 	 Test MAE: 16.7754
Fold: 2 	 Test r2: 0.7915 	 Test Loss: 201.7998 	 Test MAE: 10.4760
Fold: 3 	 Test r2: 0.8190 	 Test Loss: 138.9944 	 Test MAE: 9.3723
Fold: 4 	 Test r2: 0.6531 	 Test Loss: 612.2645 	 Test MAE: 13.7323
Fold: 5 	 Test r2: 0.8680 	 Test Loss: 265.8913 	 Test MAE: 11.4999
Final avg. r2:  0.7651480376089814
Final avg. MSE: 339.27142686425157
Final avg. MAE: 12.371205353594961
R2: 0.7651480376089814 +- 0.0
MAE: 12.371205353594961 +- 0.0
