Fold: 1 	 Test r2: 0.6700 	 Test Loss: 600.0568 	 Test MAE: 18.9531
Fold: 2 	 Test r2: 0.8566 	 Test Loss: 169.4151 	 Test MAE: 9.0565
Fold: 3 	 Test r2: 0.8956 	 Test Loss: 122.5062 	 Test MAE: 7.7358
Fold: 4 	 Test r2: 0.7745 	 Test Loss: 271.0759 	 Test MAE: 12.1721
Fold: 5 	 Test r2: 0.6729 	 Test Loss: 540.3624 	 Test MAE: 16.4673
Final avg. r2:  0.77393051300526
Final avg. MSE: 340.683294704341
Final avg. MAE: 12.87696902496474
R2: 0.77393051300526 +- 0.0
MAE: 12.87696902496474 +- 0.0
