Fold: 1 	 Test r2: 0.7766 	 Test Loss: 241.9751 	 Test MAE: 11.0326
Fold: 2 	 Test r2: 0.9032 	 Test Loss: 90.9752 	 Test MAE: 7.4679
Fold: 3 	 Test r2: 0.9207 	 Test Loss: 97.2365 	 Test MAE: 8.0764
Fold: 4 	 Test r2: 0.8129 	 Test Loss: 513.3295 	 Test MAE: 13.0705
Fold: 5 	 Test r2: 0.8092 	 Test Loss: 204.4485 	 Test MAE: 9.9496
Final avg. r2:  0.8445260143881794
Final avg. MSE: 229.59298504399376
Final avg. MAE: 9.919402192603975
R2: 0.8445260143881794 +- 0.0
MAE: 9.919402192603975 +- 0.0
