Fold: 1 	 Test r2: 0.7809 	 Test Loss: 482.5874 	 Test MAE: 12.9351
Fold: 2 	 Test r2: 0.8409 	 Test Loss: 196.4997 	 Test MAE: 9.6295
Fold: 3 	 Test r2: 0.9079 	 Test Loss: 199.9974 	 Test MAE: 11.1913
Fold: 4 	 Test r2: 0.6517 	 Test Loss: 285.4885 	 Test MAE: 11.8645
Fold: 5 	 Test r2: 0.8202 	 Test Loss: 108.8979 	 Test MAE: 8.1753
Final avg. r2:  0.8002985916661005
Final avg. MSE: 254.69416736915028
Final avg. MAE: 10.75914763992741
R2: 0.8002985916661005 +- 0.0
MAE: 10.75914763992741 +- 0.0
