Fold: 1 	 Test r2: 0.8691 	 Test Loss: 174.3959 	 Test MAE: 10.0185
Fold: 2 	 Test r2: 0.4960 	 Test Loss: 332.8194 	 Test MAE: 13.3218
Fold: 3 	 Test r2: 0.8741 	 Test Loss: 164.0446 	 Test MAE: 8.4459
Fold: 4 	 Test r2: 0.8278 	 Test Loss: 386.0166 	 Test MAE: 13.6215
Fold: 5 	 Test r2: 0.8873 	 Test Loss: 176.4988 	 Test MAE: 10.3121
Final avg. r2:  0.7908500266398348
Final avg. MSE: 246.75506518238035
Final avg. MAE: 11.143969072046733
R2: 0.7908500266398348 +- 0.0
MAE: 11.143969072046733 +- 0.0
