Fold: 1 	 Test r2: 0.7578 	 Test Loss: 381.4992 	 Test MAE: 11.3297
Fold: 2 	 Test r2: 0.9327 	 Test Loss: 113.4167 	 Test MAE: 7.0594
Fold: 3 	 Test r2: 0.7447 	 Test Loss: 301.7093 	 Test MAE: 11.9940
Fold: 4 	 Test r2: 0.7423 	 Test Loss: 269.7150 	 Test MAE: 11.7283
Fold: 5 	 Test r2: 0.8673 	 Test Loss: 191.7748 	 Test MAE: 11.5627
Final avg. r2:  0.8089643054777472
Final avg. MSE: 251.62299513222848
Final avg. MAE: 10.734828976009574
R2: 0.8089643054777472 +- 0.0
MAE: 10.734828976009574 +- 0.0
