Fold: 1 	 Test r2: 0.4501 	 Test Loss: 0.0172 	 Test MAE: 0.0767
Fold: 2 	 Test r2: 0.7925 	 Test Loss: 0.0068 	 Test MAE: 0.0582
Fold: 3 	 Test r2: -0.2717 	 Test Loss: 0.0485 	 Test MAE: 0.1009
Fold: 4 	 Test r2: 0.4339 	 Test Loss: 0.0278 	 Test MAE: 0.1090
Fold: 5 	 Test r2: 0.3263 	 Test Loss: 0.0543 	 Test MAE: 0.1310
Final avg. r2:  0.3462472330901664
Final avg. MSE: 0.03094991945697695
Final avg. MAE: 0.09515824944959307
R2: 0.3462472330901664 +- 0.0
MAE: 0.09515824944959307 +- 0.0
