Fold: 1 	 Test r2: -0.1400 	 Test Loss: 0.0429 	 Test MAE: 0.1117
Fold: 2 	 Test r2: 0.6243 	 Test Loss: 0.0173 	 Test MAE: 0.0866
Fold: 3 	 Test r2: 0.6936 	 Test Loss: 0.0135 	 Test MAE: 0.0813
Fold: 4 	 Test r2: 0.5398 	 Test Loss: 0.0169 	 Test MAE: 0.0860
Fold: 5 	 Test r2: 0.4025 	 Test Loss: 0.0420 	 Test MAE: 0.0969
Final avg. r2:  0.42403883279761956
Final avg. MSE: 0.026529505608271144
Final avg. MAE: 0.09249709645336887
R2: 0.42403883279761956 +- 0.0
MAE: 0.09249709645336887 +- 0.0
