Fold: 1 	 Test r2: 0.3983 	 Test Loss: 0.0233 	 Test MAE: 0.0925
Fold: 2 	 Test r2: 0.5465 	 Test Loss: 0.0354 	 Test MAE: 0.0914
Fold: 3 	 Test r2: 0.7138 	 Test Loss: 0.0104 	 Test MAE: 0.0624
Fold: 4 	 Test r2: 0.6192 	 Test Loss: 0.0171 	 Test MAE: 0.0849
Fold: 5 	 Test r2: 0.6074 	 Test Loss: 0.0138 	 Test MAE: 0.0735
Final avg. r2:  0.5770372086450293
Final avg. MSE: 0.020008058921093495
Final avg. MAE: 0.08091908142566175
R2: 0.5770372086450293 +- 0.0
MAE: 0.08091908142566175 +- 0.0
