Fold: 1 	 Test r2: -0.0356 	 Test Loss: 0.0472 	 Test MAE: 0.1172
Fold: 2 	 Test r2: 0.5225 	 Test Loss: 0.0152 	 Test MAE: 0.0856
Fold: 3 	 Test r2: 0.6188 	 Test Loss: 0.0179 	 Test MAE: 0.0823
Fold: 4 	 Test r2: 0.3699 	 Test Loss: 0.0447 	 Test MAE: 0.0987
Fold: 5 	 Test r2: 0.5418 	 Test Loss: 0.0187 	 Test MAE: 0.0916
Final avg. r2:  0.40349265313563204
Final avg. MSE: 0.02873014186669636
Final avg. MAE: 0.09508933496351044
R2: 0.40349265313563204 +- 0.0
MAE: 0.09508933496351044 +- 0.0
