Fold: 1 	 Test r2: 0.5171 	 Test Loss: 0.0200 	 Test MAE: 0.0849
Fold: 2 	 Test r2: 0.7514 	 Test Loss: 0.0095 	 Test MAE: 0.0656
Fold: 3 	 Test r2: 0.4156 	 Test Loss: 0.0384 	 Test MAE: 0.1004
Fold: 4 	 Test r2: 0.5794 	 Test Loss: 0.0242 	 Test MAE: 0.1021
Fold: 5 	 Test r2: 0.4059 	 Test Loss: 0.0174 	 Test MAE: 0.0850
Final avg. r2:  0.5338517173846204
Final avg. MSE: 0.021903900663625665
Final avg. MAE: 0.08760035451640988
R2: 0.5338517173846204 +- 0.0
MAE: 0.08760035451640988 +- 0.0
