Fold: 1 	 Test r2: 0.1144 	 Test Loss: 0.0299 	 Test MAE: 0.1287
Fold: 2 	 Test r2: 0.8559 	 Test Loss: 0.0073 	 Test MAE: 0.0608
Fold: 3 	 Test r2: 0.2007 	 Test Loss: 0.0297 	 Test MAE: 0.1089
Fold: 4 	 Test r2: 0.3146 	 Test Loss: 0.0483 	 Test MAE: 0.0907
Fold: 5 	 Test r2: 0.7937 	 Test Loss: 0.0089 	 Test MAE: 0.0622
Final avg. r2:  0.45585703608562184
Final avg. MSE: 0.024831709517373252
Final avg. MAE: 0.09025717499874988
R2: 0.45585703608562184 +- 0.0
MAE: 0.09025717499874988 +- 0.0
