Fold: 1 	 Test r2: 0.6069 	 Test Loss: 0.0147 	 Test MAE: 0.0845
Fold: 2 	 Test r2: 0.6736 	 Test Loss: 0.0135 	 Test MAE: 0.0755
Fold: 3 	 Test r2: 0.3089 	 Test Loss: 0.0300 	 Test MAE: 0.1143
Fold: 4 	 Test r2: 0.5335 	 Test Loss: 0.0156 	 Test MAE: 0.0761
Fold: 5 	 Test r2: 0.3484 	 Test Loss: 0.0486 	 Test MAE: 0.1237
Final avg. r2:  0.49426057460033235
Final avg. MSE: 0.024482278479649518
Final avg. MAE: 0.09480107854925045
R2: 0.49426057460033235 +- 0.0
MAE: 0.09480107854925045 +- 0.0
