Fold: 1 	 Test r2: 0.4639 	 Test Loss: 0.0214 	 Test MAE: 0.0937
Fold: 2 	 Test r2: 0.2423 	 Test Loss: 0.0502 	 Test MAE: 0.1122
Fold: 3 	 Test r2: 0.4139 	 Test Loss: 0.0166 	 Test MAE: 0.0747
Fold: 4 	 Test r2: 0.6969 	 Test Loss: 0.0162 	 Test MAE: 0.0827
Fold: 5 	 Test r2: 0.6207 	 Test Loss: 0.0171 	 Test MAE: 0.0942
Final avg. r2:  0.4875087795235663
Final avg. MSE: 0.024321293800735548
Final avg. MAE: 0.09150232279191718
R2: 0.4875087795235663 +- 0.0
MAE: 0.09150232279191718 +- 0.0
