Fold: 1 	 Test r2: -3.2820 	 Test Loss: 0.1535 	 Test MAE: 0.1585
Fold: 2 	 Test r2: 0.7128 	 Test Loss: 0.0101 	 Test MAE: 0.0710
Fold: 3 	 Test r2: 0.3600 	 Test Loss: 0.0398 	 Test MAE: 0.0991
Fold: 4 	 Test r2: 0.3561 	 Test Loss: 0.0296 	 Test MAE: 0.1068
Fold: 5 	 Test r2: 0.6061 	 Test Loss: 0.0213 	 Test MAE: 0.1015
Final avg. r2:  -0.24940067171115202
Final avg. MSE: 0.05085419627762707
Final avg. MAE: 0.10740465282392846
R2: -0.24940067171115202 +- 0.0
MAE: 0.10740465282392846 +- 0.0
