Fold: 1 	 Test r2: 0.4723 	 Test Loss: 0.0294 	 Test MAE: 0.1099
Fold: 2 	 Test r2: 0.3571 	 Test Loss: 0.0416 	 Test MAE: 0.1111
Fold: 3 	 Test r2: 0.7176 	 Test Loss: 0.0106 	 Test MAE: 0.0716
Fold: 4 	 Test r2: 0.3503 	 Test Loss: 0.0272 	 Test MAE: 0.0961
Fold: 5 	 Test r2: 0.4256 	 Test Loss: 0.0189 	 Test MAE: 0.0919
Final avg. r2:  0.46456840982345804
Final avg. MSE: 0.02554782599958542
Final avg. MAE: 0.0961284411475569
R2: 0.46456840982345804 +- 0.0
MAE: 0.0961284411475569 +- 0.0
