Fold: 1 	 Test r2: 0.4351 	 Test Loss: 0.0244 	 Test MAE: 0.1048
Fold: 2 	 Test r2: 0.3439 	 Test Loss: 0.0391 	 Test MAE: 0.0907
Fold: 3 	 Test r2: 0.4158 	 Test Loss: 0.0219 	 Test MAE: 0.0942
Fold: 4 	 Test r2: 0.5081 	 Test Loss: 0.0232 	 Test MAE: 0.0929
Fold: 5 	 Test r2: 0.5973 	 Test Loss: 0.0180 	 Test MAE: 0.0953
Final avg. r2:  0.46004089666884457
Final avg. MSE: 0.025292346921137465
Final avg. MAE: 0.09557276643293143
R2: 0.46004089666884457 +- 0.0
MAE: 0.09557276643293143 +- 0.0
