Fold: 1 	 Test r2: 0.1484 	 Test Loss: 0.0298 	 Test MAE: 0.1113
Fold: 2 	 Test r2: 0.3956 	 Test Loss: 0.0521 	 Test MAE: 0.1120
Fold: 3 	 Test r2: 0.6049 	 Test Loss: 0.0172 	 Test MAE: 0.0748
Fold: 4 	 Test r2: 0.4775 	 Test Loss: 0.0149 	 Test MAE: 0.0719
Fold: 5 	 Test r2: 0.6786 	 Test Loss: 0.0112 	 Test MAE: 0.0779
Final avg. r2:  0.4609940441743653
Final avg. MSE: 0.025031097359225502
Final avg. MAE: 0.08957835177314423
R2: 0.4609940441743653 +- 0.0
MAE: 0.08957835177314423 +- 0.0
