Fold: 1 	 Test r2: 0.4550 	 Test Loss: 0.0170 	 Test MAE: 0.0956
Fold: 2 	 Test r2: 0.4571 	 Test Loss: 0.0145 	 Test MAE: 0.0841
Fold: 3 	 Test r2: -0.0424 	 Test Loss: 0.0541 	 Test MAE: 0.1365
Fold: 4 	 Test r2: 0.3228 	 Test Loss: 0.0569 	 Test MAE: 0.1327
Fold: 5 	 Test r2: 0.6716 	 Test Loss: 0.0109 	 Test MAE: 0.0652
Final avg. r2:  0.37282529597334124
Final avg. MSE: 0.03068768135068828
Final avg. MAE: 0.10282010803708716
R2: 0.37282529597334124 +- 0.0
MAE: 0.10282010803708716 +- 0.0
