Fold: 1 	 Test r2: -0.0889 	 Test Loss: 0.0348 	 Test MAE: 0.1160
Fold: 2 	 Test r2: 0.4746 	 Test Loss: 0.0200 	 Test MAE: 0.0866
Fold: 3 	 Test r2: 0.3816 	 Test Loss: 0.0406 	 Test MAE: 0.0768
Fold: 4 	 Test r2: 0.5429 	 Test Loss: 0.0229 	 Test MAE: 0.0961
Fold: 5 	 Test r2: 0.7588 	 Test Loss: 0.0121 	 Test MAE: 0.0734
Final avg. r2:  0.4138142054342405
Final avg. MSE: 0.0260607132129194
Final avg. MAE: 0.08978217887077608
R2: 0.4138142054342405 +- 0.0
MAE: 0.08978217887077608 +- 0.0
