Fold: 1 	 Test r2: 0.3209 	 Test Loss: 0.0352 	 Test MAE: 0.1021
Fold: 2 	 Test r2: 0.6549 	 Test Loss: 0.0169 	 Test MAE: 0.0938
Fold: 3 	 Test r2: 0.3914 	 Test Loss: 0.0257 	 Test MAE: 0.1193
Fold: 4 	 Test r2: 0.6748 	 Test Loss: 0.0160 	 Test MAE: 0.0801
Fold: 5 	 Test r2: 0.2049 	 Test Loss: 0.0301 	 Test MAE: 0.1188
Final avg. r2:  0.4493681579408545
Final avg. MSE: 0.024772718001103984
Final avg. MAE: 0.10284403353029874
R2: 0.4493681579408545 +- 0.0
MAE: 0.10284403353029874 +- 0.0
