Fold: 1 	 Test r2: 0.3813 	 Test Loss: 0.0271 	 Test MAE: 0.0967
Fold: 2 	 Test r2: -0.7414 	 Test Loss: 0.0637 	 Test MAE: 0.1183
Fold: 3 	 Test r2: 0.4845 	 Test Loss: 0.0171 	 Test MAE: 0.0934
Fold: 4 	 Test r2: 0.2943 	 Test Loss: 0.0535 	 Test MAE: 0.1184
Fold: 5 	 Test r2: 0.7433 	 Test Loss: 0.0115 	 Test MAE: 0.0603
Final avg. r2:  0.2324006027030387
Final avg. MSE: 0.03456017017441115
Final avg. MAE: 0.09742479304890751
R2: 0.2324006027030387 +- 0.0
MAE: 0.09742479304890751 +- 0.0
