Fold: 1 	 Test r2: 0.4307 	 Test Loss: 0.0402 	 Test MAE: 0.1155
Fold: 2 	 Test r2: 0.7776 	 Test Loss: 0.0097 	 Test MAE: 0.0737
Fold: 3 	 Test r2: 0.2435 	 Test Loss: 0.0338 	 Test MAE: 0.1198
Fold: 4 	 Test r2: 0.3101 	 Test Loss: 0.0228 	 Test MAE: 0.0862
Fold: 5 	 Test r2: 0.6704 	 Test Loss: 0.0137 	 Test MAE: 0.0822
Final avg. r2:  0.48646443079590246
Final avg. MSE: 0.02404945790005146
Final avg. MAE: 0.09550989599974484
R2: 0.48646443079590246 +- 0.0
MAE: 0.09550989599974484 +- 0.0
