Fold: 1 	 Test r2: 0.4595 	 Test Loss: 0.0388 	 Test MAE: 0.0836
Fold: 2 	 Test r2: 0.5158 	 Test Loss: 0.0271 	 Test MAE: 0.1106
Fold: 3 	 Test r2: 0.5092 	 Test Loss: 0.0177 	 Test MAE: 0.0870
Fold: 4 	 Test r2: 0.5392 	 Test Loss: 0.0207 	 Test MAE: 0.1023
Fold: 5 	 Test r2: 0.0640 	 Test Loss: 0.0201 	 Test MAE: 0.0747
Final avg. r2:  0.41754035231112663
Final avg. MSE: 0.024856283806890287
Final avg. MAE: 0.09165466843540368
R2: 0.41754035231112663 +- 0.0
MAE: 0.09165466843540368 +- 0.0
