Fold: 1 	 Test r2: 0.7455 	 Test Loss: 0.0128 	 Test MAE: 0.0833
Fold: 2 	 Test r2: 0.7570 	 Test Loss: 0.0109 	 Test MAE: 0.0681
Fold: 3 	 Test r2: 0.5507 	 Test Loss: 0.0329 	 Test MAE: 0.0929
Fold: 4 	 Test r2: 0.6221 	 Test Loss: 0.0130 	 Test MAE: 0.0801
Fold: 5 	 Test r2: 0.2986 	 Test Loss: 0.0209 	 Test MAE: 0.0838
Final avg. r2:  0.5947541427716198
Final avg. MSE: 0.018082150284832985
Final avg. MAE: 0.08163826215036568
R2: 0.5947541427716198 +- 0.0
MAE: 0.08163826215036568 +- 0.0
