Fold: 1 	 Test r2: -1.7917 	 Test Loss: 0.1099 	 Test MAE: 0.1347
Fold: 2 	 Test r2: 0.4816 	 Test Loss: 0.0127 	 Test MAE: 0.0762
Fold: 3 	 Test r2: 0.8405 	 Test Loss: 0.0084 	 Test MAE: 0.0554
Fold: 4 	 Test r2: 0.5385 	 Test Loss: 0.0354 	 Test MAE: 0.0842
Fold: 5 	 Test r2: 0.4431 	 Test Loss: 0.0225 	 Test MAE: 0.0897
Final avg. r2:  0.10237589118119697
Final avg. MSE: 0.03776556689032855
Final avg. MAE: 0.08804556764630588
R2: 0.10237589118119697 +- 0.0
MAE: 0.08804556764630588 +- 0.0
