Fold: 1 	 Test r2: 0.3674 	 Test Loss: 0.0458 	 Test MAE: 0.1142
Fold: 2 	 Test r2: 0.2358 	 Test Loss: 0.0333 	 Test MAE: 0.1217
Fold: 3 	 Test r2: 0.2875 	 Test Loss: 0.0247 	 Test MAE: 0.0960
Fold: 4 	 Test r2: -0.4385 	 Test Loss: 0.0583 	 Test MAE: 0.1159
Fold: 5 	 Test r2: 0.7191 	 Test Loss: 0.0117 	 Test MAE: 0.0751
Final avg. r2:  0.2342545107016069
Final avg. MSE: 0.03476686274330938
Final avg. MAE: 0.10458449747628804
R2: 0.2342545107016069 +- 0.0
MAE: 0.10458449747628804 +- 0.0
