Fold: 1 	 Test r2: 0.7159 	 Test Loss: 0.0141 	 Test MAE: 0.0793
Fold: 2 	 Test r2: 0.1563 	 Test Loss: 0.0351 	 Test MAE: 0.1309
Fold: 3 	 Test r2: 0.3680 	 Test Loss: 0.0432 	 Test MAE: 0.1116
Fold: 4 	 Test r2: 0.5445 	 Test Loss: 0.0153 	 Test MAE: 0.0784
Fold: 5 	 Test r2: 0.5846 	 Test Loss: 0.0163 	 Test MAE: 0.0920
Final avg. r2:  0.4738822503382886
Final avg. MSE: 0.024772286712444032
Final avg. MAE: 0.09844620657679276
R2: 0.4738822503382886 +- 0.0
MAE: 0.09844620657679276 +- 0.0
