Fold: 1 	 Test r2: 0.3393 	 Test Loss: 0.0238 	 Test MAE: 0.1001
Fold: 2 	 Test r2: -0.7780 	 Test Loss: 0.0911 	 Test MAE: 0.1422
Fold: 3 	 Test r2: 0.5511 	 Test Loss: 0.0195 	 Test MAE: 0.1064
Fold: 4 	 Test r2: 0.3295 	 Test Loss: 0.0418 	 Test MAE: 0.0926
Fold: 5 	 Test r2: 0.7109 	 Test Loss: 0.0116 	 Test MAE: 0.0759
Final avg. r2:  0.23056433792963804
Final avg. MSE: 0.03756307127811731
Final avg. MAE: 0.10342168538279983
R2: 0.23056433792963804 +- 0.0
MAE: 0.10342168538279983 +- 0.0
