Fold: 1 	 Test r2: 0.7815 	 Test Loss: 0.0081 	 Test MAE: 0.0558
Fold: 2 	 Test r2: 0.6574 	 Test Loss: 0.0159 	 Test MAE: 0.0882
Fold: 3 	 Test r2: 0.4787 	 Test Loss: 0.0156 	 Test MAE: 0.0731
Fold: 4 	 Test r2: 0.3994 	 Test Loss: 0.0458 	 Test MAE: 0.1115
Fold: 5 	 Test r2: 0.6373 	 Test Loss: 0.0157 	 Test MAE: 0.0814
Final avg. r2:  0.5908584724223039
Final avg. MSE: 0.02020485855470599
Final avg. MAE: 0.08200190561018936
R2: 0.5908584724223039 +- 0.0
MAE: 0.08200190561018936 +- 0.0
