Fold: 1 	 Test r2: 0.6762 	 Test Loss: 0.0155 	 Test MAE: 0.0925
Fold: 2 	 Test r2: 0.6482 	 Test Loss: 0.0173 	 Test MAE: 0.0792
Fold: 3 	 Test r2: 0.3451 	 Test Loss: 0.0287 	 Test MAE: 0.1040
Fold: 4 	 Test r2: 0.6766 	 Test Loss: 0.0088 	 Test MAE: 0.0664
Fold: 5 	 Test r2: 0.2513 	 Test Loss: 0.0480 	 Test MAE: 0.1091
Final avg. r2:  0.5194798174196275
Final avg. MSE: 0.023663513332148146
Final avg. MAE: 0.0902339049291854
R2: 0.5194798174196275 +- 0.0
MAE: 0.0902339049291854 +- 0.0
