Fold: 1 	 Test r2: 0.5498 	 Test Loss: 0.0196 	 Test MAE: 0.0884
Fold: 2 	 Test r2: 0.6821 	 Test Loss: 0.0145 	 Test MAE: 0.0827
Fold: 3 	 Test r2: 0.6284 	 Test Loss: 0.0168 	 Test MAE: 0.0832
Fold: 4 	 Test r2: 0.4299 	 Test Loss: 0.0325 	 Test MAE: 0.0809
Fold: 5 	 Test r2: 0.3435 	 Test Loss: 0.0285 	 Test MAE: 0.1061
Final avg. r2:  0.5267533328800915
Final avg. MSE: 0.022381245257500244
Final avg. MAE: 0.08824932424630337
R2: 0.5267533328800915 +- 0.0
MAE: 0.08824932424630337 +- 0.0
