Fold: 1 	 Test r2: 0.5996 	 Test Loss: 0.0197 	 Test MAE: 0.0984
Fold: 2 	 Test r2: 0.4185 	 Test Loss: 0.0361 	 Test MAE: 0.1015
Fold: 3 	 Test r2: 0.5265 	 Test Loss: 0.0274 	 Test MAE: 0.1076
Fold: 4 	 Test r2: 0.7195 	 Test Loss: 0.0094 	 Test MAE: 0.0665
Fold: 5 	 Test r2: 0.4578 	 Test Loss: 0.0142 	 Test MAE: 0.0685
Final avg. r2:  0.5443942963522411
Final avg. MSE: 0.02133612570692573
Final avg. MAE: 0.0885073639389102
R2: 0.5443942963522411 +- 0.0
MAE: 0.0885073639389102 +- 0.0
