Fold: 1 	 Test r2: -0.0385 	 Test Loss: 0.0327 	 Test MAE: 0.1035
Fold: 2 	 Test r2: 0.8022 	 Test Loss: 0.0104 	 Test MAE: 0.0667
Fold: 3 	 Test r2: 0.4354 	 Test Loss: 0.0468 	 Test MAE: 0.1118
Fold: 4 	 Test r2: 0.8157 	 Test Loss: 0.0049 	 Test MAE: 0.0539
Fold: 5 	 Test r2: 0.4883 	 Test Loss: 0.0179 	 Test MAE: 0.0934
Final avg. r2:  0.5006032691379663
Final avg. MSE: 0.0225475311894592
Final avg. MAE: 0.08587811001937609
R2: 0.5006032691379663 +- 0.0
MAE: 0.08587811001937609 +- 0.0
