Fold: 1 	 Test r2: 0.2776 	 Test Loss: 0.0468 	 Test MAE: 0.1126
Fold: 2 	 Test r2: 0.6062 	 Test Loss: 0.0162 	 Test MAE: 0.0767
Fold: 3 	 Test r2: 0.6474 	 Test Loss: 0.0165 	 Test MAE: 0.0757
Fold: 4 	 Test r2: 0.5501 	 Test Loss: 0.0161 	 Test MAE: 0.0918
Fold: 5 	 Test r2: 0.7155 	 Test Loss: 0.0132 	 Test MAE: 0.0800
Final avg. r2:  0.5593721857200535
Final avg. MSE: 0.021779605740746753
Final avg. MAE: 0.08734940090501794
R2: 0.5593721857200535 +- 0.0
MAE: 0.08734940090501794 +- 0.0
