Fold: 1 	 Test r2: 0.5623 	 Test Loss: 0.0178 	 Test MAE: 0.0835
Fold: 2 	 Test r2: 0.4310 	 Test Loss: 0.0216 	 Test MAE: 0.0992
Fold: 3 	 Test r2: 0.6505 	 Test Loss: 0.0156 	 Test MAE: 0.0676
Fold: 4 	 Test r2: 0.2650 	 Test Loss: 0.0466 	 Test MAE: 0.1058
Fold: 5 	 Test r2: 0.3566 	 Test Loss: 0.0302 	 Test MAE: 0.1057
Final avg. r2:  0.4530896427518658
Final avg. MSE: 0.026365679997843526
Final avg. MAE: 0.09234611522533051
R2: 0.4530896427518658 +- 0.0
MAE: 0.09234611522533051 +- 0.0
