Fold: 1 	 Test r2: 0.0256 	 Test Loss: 0.0406 	 Test MAE: 0.1212
Fold: 2 	 Test r2: 0.3607 	 Test Loss: 0.0273 	 Test MAE: 0.1150
Fold: 3 	 Test r2: 0.4415 	 Test Loss: 0.0357 	 Test MAE: 0.0829
Fold: 4 	 Test r2: 0.5357 	 Test Loss: 0.0167 	 Test MAE: 0.0800
Fold: 5 	 Test r2: 0.5223 	 Test Loss: 0.0238 	 Test MAE: 0.1004
Final avg. r2:  0.3771683915955938
Final avg. MSE: 0.028842425064832984
Final avg. MAE: 0.09987972264057723
R2: 0.3771683915955938 +- 0.0
MAE: 0.09987972264057723 +- 0.0
