Fold: 1 	 Test r2: 0.4935 	 Test Loss: 0.0189 	 Test MAE: 0.0951
Fold: 2 	 Test r2: 0.5224 	 Test Loss: 0.0213 	 Test MAE: 0.0897
Fold: 3 	 Test r2: 0.5340 	 Test Loss: 0.0176 	 Test MAE: 0.0766
Fold: 4 	 Test r2: 0.6672 	 Test Loss: 0.0145 	 Test MAE: 0.0741
Fold: 5 	 Test r2: 0.3827 	 Test Loss: 0.0452 	 Test MAE: 0.1069
Final avg. r2:  0.5199773701814057
Final avg. MSE: 0.023479353701299267
Final avg. MAE: 0.08845801296593228
R2: 0.5199773701814057 +- 0.0
MAE: 0.08845801296593228 +- 0.0
