Fold: 1 	 Test r2: 0.5411 	 Test Loss: 0.0191 	 Test MAE: 0.0884
Fold: 2 	 Test r2: 0.7530 	 Test Loss: 0.0085 	 Test MAE: 0.0576
Fold: 3 	 Test r2: 0.3298 	 Test Loss: 0.0393 	 Test MAE: 0.0905
Fold: 4 	 Test r2: 0.3015 	 Test Loss: 0.0230 	 Test MAE: 0.0909
Fold: 5 	 Test r2: 0.7135 	 Test Loss: 0.0182 	 Test MAE: 0.0877
Final avg. r2:  0.5277697503039764
Final avg. MSE: 0.021601599782886446
Final avg. MAE: 0.08303691077039761
R2: 0.5277697503039764 +- 0.0
MAE: 0.08303691077039761 +- 0.0
