Fold: 1 	 Test r2: 0.6706 	 Test Loss: 0.0116 	 Test MAE: 0.0788
Fold: 2 	 Test r2: 0.6121 	 Test Loss: 0.0121 	 Test MAE: 0.0782
Fold: 3 	 Test r2: 0.5132 	 Test Loss: 0.0388 	 Test MAE: 0.1028
Fold: 4 	 Test r2: 0.3597 	 Test Loss: 0.0343 	 Test MAE: 0.1166
Fold: 5 	 Test r2: 0.3153 	 Test Loss: 0.0235 	 Test MAE: 0.1041
Final avg. r2:  0.49418080978636036
Final avg. MSE: 0.024048888127256956
Final avg. MAE: 0.09610559762626583
R2: 0.49418080978636036 +- 0.0
MAE: 0.09610559762626583 +- 0.0
