Fold: 1 	 Test r2: 0.4134 	 Test Loss: 0.0414 	 Test MAE: 0.1098
Fold: 2 	 Test r2: 0.3349 	 Test Loss: 0.0369 	 Test MAE: 0.1185
Fold: 3 	 Test r2: 0.2483 	 Test Loss: 0.0211 	 Test MAE: 0.0867
Fold: 4 	 Test r2: 0.7598 	 Test Loss: 0.0090 	 Test MAE: 0.0617
Fold: 5 	 Test r2: 0.8796 	 Test Loss: 0.0046 	 Test MAE: 0.0479
Final avg. r2:  0.5271853282497794
Final avg. MSE: 0.02260277342761433
Final avg. MAE: 0.0849194417599918
R2: 0.5271853282497794 +- 0.0
MAE: 0.0849194417599918 +- 0.0
