Fold: 1 	 Test r2: 0.4221 	 Test Loss: 0.0147 	 Test MAE: 0.0826
Fold: 2 	 Test r2: 0.4448 	 Test Loss: 0.0361 	 Test MAE: 0.0932
Fold: 3 	 Test r2: 0.1995 	 Test Loss: 0.0401 	 Test MAE: 0.1155
Fold: 4 	 Test r2: -0.0175 	 Test Loss: 0.0413 	 Test MAE: 0.1190
Fold: 5 	 Test r2: 0.6372 	 Test Loss: 0.0191 	 Test MAE: 0.0933
Final avg. r2:  0.3372218229509103
Final avg. MSE: 0.03026476765600127
Final avg. MAE: 0.10072781597802631
R2: 0.3372218229509103 +- 0.0
MAE: 0.10072781597802631 +- 0.0
