Fold: 1 	 Test r2: 0.5951 	 Test Loss: 0.0108 	 Test MAE: 0.0790
Fold: 2 	 Test r2: 0.1734 	 Test Loss: 0.0379 	 Test MAE: 0.1294
Fold: 3 	 Test r2: 0.6794 	 Test Loss: 0.0124 	 Test MAE: 0.0766
Fold: 4 	 Test r2: 0.5085 	 Test Loss: 0.0389 	 Test MAE: 0.0977
Fold: 5 	 Test r2: 0.5009 	 Test Loss: 0.0207 	 Test MAE: 0.0929
Final avg. r2:  0.49145833985188236
Final avg. MSE: 0.02415309323448753
Final avg. MAE: 0.09514042607438909
R2: 0.49145833985188236 +- 0.0
MAE: 0.09514042607438909 +- 0.0
