Fold: 1 	 Test r2: 0.3000 	 Test Loss: 0.0238 	 Test MAE: 0.0789
Fold: 2 	 Test r2: 0.2748 	 Test Loss: 0.0609 	 Test MAE: 0.1297
Fold: 3 	 Test r2: 0.6105 	 Test Loss: 0.0157 	 Test MAE: 0.0830
Fold: 4 	 Test r2: 0.5006 	 Test Loss: 0.0143 	 Test MAE: 0.0875
Fold: 5 	 Test r2: 0.6565 	 Test Loss: 0.0137 	 Test MAE: 0.0723
Final avg. r2:  0.46847667309754726
Final avg. MSE: 0.02568581049821327
Final avg. MAE: 0.09029459241955053
R2: 0.46847667309754726 +- 0.0
MAE: 0.09029459241955053 +- 0.0
