Fold: 1 	 Test r2: 0.0080 	 Test Loss: 0.0346 	 Test MAE: 0.0845
Fold: 2 	 Test r2: 0.4916 	 Test Loss: 0.0244 	 Test MAE: 0.1043
Fold: 3 	 Test r2: 0.4548 	 Test Loss: 0.0462 	 Test MAE: 0.1270
Fold: 4 	 Test r2: -0.5104 	 Test Loss: 0.0506 	 Test MAE: 0.1000
Fold: 5 	 Test r2: 0.6195 	 Test Loss: 0.0101 	 Test MAE: 0.0689
Final avg. r2:  0.21269638098924473
Final avg. MSE: 0.03321243451953847
Final avg. MAE: 0.09695905291659086
R2: 0.21269638098924473 +- 0.0
MAE: 0.09695905291659086 +- 0.0
