Fold: 1 	 Test r2: 0.2335 	 Test Loss: 0.0303 	 Test MAE: 0.1176
Fold: 2 	 Test r2: 0.5570 	 Test Loss: 0.0348 	 Test MAE: 0.0865
Fold: 3 	 Test r2: 0.6604 	 Test Loss: 0.0158 	 Test MAE: 0.0918
Fold: 4 	 Test r2: 0.4383 	 Test Loss: 0.0220 	 Test MAE: 0.0897
Fold: 5 	 Test r2: 0.1914 	 Test Loss: 0.0246 	 Test MAE: 0.0946
Final avg. r2:  0.41613745798146906
Final avg. MSE: 0.025501431978209987
Final avg. MAE: 0.09605514407347963
R2: 0.41613745798146906 +- 0.0
MAE: 0.09605514407347963 +- 0.0
