Fold: 1 	 Test r2: 0.3629 	 Test Loss: 0.0241 	 Test MAE: 0.0990
Fold: 2 	 Test r2: 0.7336 	 Test Loss: 0.0106 	 Test MAE: 0.0664
Fold: 3 	 Test r2: 0.2337 	 Test Loss: 0.0306 	 Test MAE: 0.1410
Fold: 4 	 Test r2: 0.6622 	 Test Loss: 0.0165 	 Test MAE: 0.0766
Fold: 5 	 Test r2: 0.3821 	 Test Loss: 0.0409 	 Test MAE: 0.1023
Final avg. r2:  0.47492503708011
Final avg. MSE: 0.0245674134207775
Final avg. MAE: 0.09704974930556048
R2: 0.47492503708011 +- 0.0
MAE: 0.09704974930556048 +- 0.0
