Fold: 1 	 Test r2: 0.4092 	 Test Loss: 0.0325 	 Test MAE: 0.1100
Fold: 2 	 Test r2: 0.3220 	 Test Loss: 0.0446 	 Test MAE: 0.0968
Fold: 3 	 Test r2: 0.5571 	 Test Loss: 0.0165 	 Test MAE: 0.0944
Fold: 4 	 Test r2: -0.8130 	 Test Loss: 0.0558 	 Test MAE: 0.0967
Fold: 5 	 Test r2: 0.2469 	 Test Loss: 0.0329 	 Test MAE: 0.1121
Final avg. r2:  0.14444176160985178
Final avg. MSE: 0.036447817957215425
Final avg. MAE: 0.10200005558376408
R2: 0.14444176160985178 +- 0.0
MAE: 0.10200005558376408 +- 0.0
