Fold: 1 	 Test r2: 0.5308 	 Test Loss: 0.0197 	 Test MAE: 0.1032
Fold: 2 	 Test r2: 0.6521 	 Test Loss: 0.0141 	 Test MAE: 0.0767
Fold: 3 	 Test r2: 0.7155 	 Test Loss: 0.0111 	 Test MAE: 0.0653
Fold: 4 	 Test r2: 0.1636 	 Test Loss: 0.0520 	 Test MAE: 0.1120
Fold: 5 	 Test r2: 0.6468 	 Test Loss: 0.0181 	 Test MAE: 0.0878
Final avg. r2:  0.5417487615700287
Final avg. MSE: 0.023008674775758367
Final avg. MAE: 0.08898723343526628
R2: 0.5417487615700287 +- 0.0
MAE: 0.08898723343526628 +- 0.0
