Fold: 1 	 Test r2: 0.5032 	 Test Loss: 0.0236 	 Test MAE: 0.0993
Fold: 2 	 Test r2: 0.6029 	 Test Loss: 0.0154 	 Test MAE: 0.0804
Fold: 3 	 Test r2: 0.3674 	 Test Loss: 0.0474 	 Test MAE: 0.1170
Fold: 4 	 Test r2: 0.5392 	 Test Loss: 0.0152 	 Test MAE: 0.0816
Fold: 5 	 Test r2: 0.4087 	 Test Loss: 0.0219 	 Test MAE: 0.0939
Final avg. r2:  0.48428566533621786
Final avg. MSE: 0.0246919084139639
Final avg. MAE: 0.09443158460654269
R2: 0.48428566533621786 +- 0.0
MAE: 0.09443158460654269 +- 0.0
