Fold: 1 	 Test r2: 0.3549 	 Test Loss: 0.0238 	 Test MAE: 0.1060
Fold: 2 	 Test r2: 0.3651 	 Test Loss: 0.0400 	 Test MAE: 0.0915
Fold: 3 	 Test r2: 0.6711 	 Test Loss: 0.0131 	 Test MAE: 0.0713
Fold: 4 	 Test r2: 0.5745 	 Test Loss: 0.0233 	 Test MAE: 0.0893
Fold: 5 	 Test r2: 0.7354 	 Test Loss: 0.0109 	 Test MAE: 0.0655
Final avg. r2:  0.5401804329871241
Final avg. MSE: 0.022229171364625034
Final avg. MAE: 0.08472769346379604
R2: 0.5401804329871241 +- 0.0
MAE: 0.08472769346379604 +- 0.0
