Fold: 1 	 Test r2: 0.5845 	 Test Loss: 0.0194 	 Test MAE: 0.0891
Fold: 2 	 Test r2: 0.6385 	 Test Loss: 0.0144 	 Test MAE: 0.0863
Fold: 3 	 Test r2: -0.3528 	 Test Loss: 0.0587 	 Test MAE: 0.1145
Fold: 4 	 Test r2: 0.1938 	 Test Loss: 0.0454 	 Test MAE: 0.1268
Fold: 5 	 Test r2: 0.3331 	 Test Loss: 0.0317 	 Test MAE: 0.1116
Final avg. r2:  0.27941623435893276
Final avg. MSE: 0.033895995265186295
Final avg. MAE: 0.10565075517258271
R2: 0.27941623435893276 +- 0.0
MAE: 0.10565075517258271 +- 0.0
