Fold: 1 	 Test r2: 0.5041 	 Test Loss: 0.0180 	 Test MAE: 0.0901
Fold: 2 	 Test r2: 0.4036 	 Test Loss: 0.0196 	 Test MAE: 0.0921
Fold: 3 	 Test r2: 0.7186 	 Test Loss: 0.0107 	 Test MAE: 0.0761
Fold: 4 	 Test r2: 0.5409 	 Test Loss: 0.0388 	 Test MAE: 0.1087
Fold: 5 	 Test r2: 0.4900 	 Test Loss: 0.0206 	 Test MAE: 0.0907
Final avg. r2:  0.5314553208973488
Final avg. MSE: 0.02153082888642773
Final avg. MAE: 0.09151948733115886
R2: 0.5314553208973488 +- 0.0
MAE: 0.09151948733115886 +- 0.0
