Fold: 1 	 Test r2: 0.6706 	 Test Loss: 0.0117 	 Test MAE: 0.0781
Fold: 2 	 Test r2: 0.3399 	 Test Loss: 0.0476 	 Test MAE: 0.0906
Fold: 3 	 Test r2: 0.7026 	 Test Loss: 0.0101 	 Test MAE: 0.0660
Fold: 4 	 Test r2: 0.3662 	 Test Loss: 0.0351 	 Test MAE: 0.1267
Fold: 5 	 Test r2: 0.7389 	 Test Loss: 0.0101 	 Test MAE: 0.0659
Final avg. r2:  0.5636452914862206
Final avg. MSE: 0.02292579206638486
Final avg. MAE: 0.08546423844068127
R2: 0.5636452914862206 +- 0.0
MAE: 0.08546423844068127 +- 0.0
