Fold: 1 	 Test r2: 0.5164 	 Test Loss: 0.0178 	 Test MAE: 0.0984
Fold: 2 	 Test r2: 0.5758 	 Test Loss: 0.0200 	 Test MAE: 0.1034
Fold: 3 	 Test r2: 0.2057 	 Test Loss: 0.0317 	 Test MAE: 0.0957
Fold: 4 	 Test r2: 0.3487 	 Test Loss: 0.0390 	 Test MAE: 0.0866
Fold: 5 	 Test r2: 0.4677 	 Test Loss: 0.0264 	 Test MAE: 0.0980
Final avg. r2:  0.42288078922825934
Final avg. MSE: 0.02699841326277897
Final avg. MAE: 0.09643039563670755
R2: 0.42288078922825934 +- 0.0
MAE: 0.09643039563670755 +- 0.0
