Fold: 1 	 Test r2: 0.6209 	 Test Loss: 0.0178 	 Test MAE: 0.0872
Fold: 2 	 Test r2: 0.3543 	 Test Loss: 0.0294 	 Test MAE: 0.1005
Fold: 3 	 Test r2: 0.6389 	 Test Loss: 0.0152 	 Test MAE: 0.0964
Fold: 4 	 Test r2: 0.2506 	 Test Loss: 0.0437 	 Test MAE: 0.0892
Fold: 5 	 Test r2: 0.5358 	 Test Loss: 0.0185 	 Test MAE: 0.0956
Final avg. r2:  0.48010065182120687
Final avg. MSE: 0.024920368893058206
Final avg. MAE: 0.09376223218582924
R2: 0.48010065182120687 +- 0.0
MAE: 0.09376223218582924 +- 0.0
