Fold: 1 	 Test r2: 0.8263 	 Test Loss: 0.0048 	 Test MAE: 0.0457
Fold: 2 	 Test r2: 0.6275 	 Test Loss: 0.0210 	 Test MAE: 0.0938
Fold: 3 	 Test r2: 0.5418 	 Test Loss: 0.0189 	 Test MAE: 0.0748
Fold: 4 	 Test r2: 0.0406 	 Test Loss: 0.0568 	 Test MAE: 0.1193
Fold: 5 	 Test r2: 0.6483 	 Test Loss: 0.0170 	 Test MAE: 0.0878
Final avg. r2:  0.5369053976239009
Final avg. MSE: 0.023681666922116616
Final avg. MAE: 0.08429346516424296
R2: 0.5369053976239009 +- 0.0
MAE: 0.08429346516424296 +- 0.0
