Fold: 1 	 Test r2: 0.7307 	 Test Loss: 0.0110 	 Test MAE: 0.0661
Fold: 2 	 Test r2: 0.4228 	 Test Loss: 0.0302 	 Test MAE: 0.1056
Fold: 3 	 Test r2: 0.2487 	 Test Loss: 0.0500 	 Test MAE: 0.1053
Fold: 4 	 Test r2: 0.4274 	 Test Loss: 0.0215 	 Test MAE: 0.1022
Fold: 5 	 Test r2: 0.4198 	 Test Loss: 0.0202 	 Test MAE: 0.0996
Final avg. r2:  0.4498811251301384
Final avg. MSE: 0.026597466403478452
Final avg. MAE: 0.09575667311785882
R2: 0.4498811251301384 +- 0.0
MAE: 0.09575667311785882 +- 0.0
