Fold: 1 	 Test r2: 0.4105 	 Test Loss: 0.0281 	 Test MAE: 0.1082
Fold: 2 	 Test r2: 0.5129 	 Test Loss: 0.0228 	 Test MAE: 0.1045
Fold: 3 	 Test r2: 0.4843 	 Test Loss: 0.0156 	 Test MAE: 0.0909
Fold: 4 	 Test r2: 0.7297 	 Test Loss: 0.0116 	 Test MAE: 0.0697
Fold: 5 	 Test r2: 0.2679 	 Test Loss: 0.0493 	 Test MAE: 0.1195
Final avg. r2:  0.4810705737017981
Final avg. MSE: 0.025468252069482333
Final avg. MAE: 0.09856844473706215
R2: 0.4810705737017981 +- 0.0
MAE: 0.09856844473706215 +- 0.0
