Fold: 1 	 Test r2: 0.4854 	 Test Loss: 0.0166 	 Test MAE: 0.0827
Fold: 2 	 Test r2: 0.5122 	 Test Loss: 0.0262 	 Test MAE: 0.1101
Fold: 3 	 Test r2: -0.5767 	 Test Loss: 0.0673 	 Test MAE: 0.1289
Fold: 4 	 Test r2: 0.4333 	 Test Loss: 0.0367 	 Test MAE: 0.0954
Fold: 5 	 Test r2: 0.3056 	 Test Loss: 0.0293 	 Test MAE: 0.1029
Final avg. r2:  0.23195757959101995
Final avg. MSE: 0.035203258310225735
Final avg. MAE: 0.10401243291554503
R2: 0.23195757959101995 +- 0.0
MAE: 0.10401243291554503 +- 0.0
