Fold: 1 	 Test r2: 0.4058 	 Test Loss: 0.0436 	 Test MAE: 0.1119
Fold: 2 	 Test r2: 0.4749 	 Test Loss: 0.0231 	 Test MAE: 0.1123
Fold: 3 	 Test r2: 0.6272 	 Test Loss: 0.0168 	 Test MAE: 0.0955
Fold: 4 	 Test r2: 0.3457 	 Test Loss: 0.0229 	 Test MAE: 0.0970
Fold: 5 	 Test r2: 0.0614 	 Test Loss: 0.0325 	 Test MAE: 0.0992
Final avg. r2:  0.3830212051349369
Final avg. MSE: 0.027783344932059716
Final avg. MAE: 0.10318072871083306
R2: 0.3830212051349369 +- 0.0
MAE: 0.10318072871083306 +- 0.0
