Fold: 1 	 Test r2: 0.5278 	 Test Loss: 0.0227 	 Test MAE: 0.0962
Fold: 2 	 Test r2: 0.3959 	 Test Loss: 0.0422 	 Test MAE: 0.1109
Fold: 3 	 Test r2: -0.2305 	 Test Loss: 0.0484 	 Test MAE: 0.1398
Fold: 4 	 Test r2: 0.1174 	 Test Loss: 0.0370 	 Test MAE: 0.1116
Fold: 5 	 Test r2: 0.6187 	 Test Loss: 0.0132 	 Test MAE: 0.0817
Final avg. r2:  0.2858605601996697
Final avg. MSE: 0.0327055065322019
Final avg. MAE: 0.10802210824893548
R2: 0.2858605601996697 +- 0.0
MAE: 0.10802210824893548 +- 0.0
