Fold: 1 	 Test r2: 0.4297 	 Test Loss: 0.0476 	 Test MAE: 0.0990
Fold: 2 	 Test r2: 0.2711 	 Test Loss: 0.0211 	 Test MAE: 0.0847
Fold: 3 	 Test r2: 0.6782 	 Test Loss: 0.0162 	 Test MAE: 0.0873
Fold: 4 	 Test r2: -0.0064 	 Test Loss: 0.0325 	 Test MAE: 0.1125
Fold: 5 	 Test r2: -0.1197 	 Test Loss: 0.0360 	 Test MAE: 0.0928
Final avg. r2:  0.2505740654967593
Final avg. MSE: 0.030684689000863113
Final avg. MAE: 0.09525183396109818
R2: 0.2505740654967593 +- 0.0
MAE: 0.09525183396109818 +- 0.0
