Fold: 1 	 Test r2: 0.5374 	 Test Loss: 0.0218 	 Test MAE: 0.0952
Fold: 2 	 Test r2: 0.3857 	 Test Loss: 0.0204 	 Test MAE: 0.0947
Fold: 3 	 Test r2: 0.5998 	 Test Loss: 0.0134 	 Test MAE: 0.0767
Fold: 4 	 Test r2: 0.4980 	 Test Loss: 0.0353 	 Test MAE: 0.0929
Fold: 5 	 Test r2: 0.5888 	 Test Loss: 0.0215 	 Test MAE: 0.0844
Final avg. r2:  0.5219368897689058
Final avg. MSE: 0.02245677944202263
Final avg. MAE: 0.08877380357953865
R2: 0.5219368897689058 +- 0.0
MAE: 0.08877380357953865 +- 0.0
