Fold: 1 	 Test r2: 0.3502 	 Test Loss: 0.0322 	 Test MAE: 0.0995
Fold: 2 	 Test r2: -0.0892 	 Test Loss: 0.0561 	 Test MAE: 0.1576
Fold: 3 	 Test r2: 0.3844 	 Test Loss: 0.0353 	 Test MAE: 0.0850
Fold: 4 	 Test r2: 0.6309 	 Test Loss: 0.0145 	 Test MAE: 0.0791
Fold: 5 	 Test r2: 0.2882 	 Test Loss: 0.0235 	 Test MAE: 0.0958
Final avg. r2:  0.3128859236598341
Final avg. MSE: 0.032334164751228515
Final avg. MAE: 0.10337895519435913
R2: 0.3128859236598341 +- 0.0
MAE: 0.10337895519435913 +- 0.0
