Fold: 1 	 Test r2: 0.6562 	 Test Loss: 0.0095 	 Test MAE: 0.0703
Fold: 2 	 Test r2: 0.5964 	 Test Loss: 0.0216 	 Test MAE: 0.1070
Fold: 3 	 Test r2: 0.4548 	 Test Loss: 0.0223 	 Test MAE: 0.1058
Fold: 4 	 Test r2: 0.3785 	 Test Loss: 0.0491 	 Test MAE: 0.1164
Fold: 5 	 Test r2: 0.5649 	 Test Loss: 0.0141 	 Test MAE: 0.0731
Final avg. r2:  0.5301689601871407
Final avg. MSE: 0.023347306588940422
Final avg. MAE: 0.09453889015035666
R2: 0.5301689601871407 +- 0.0
MAE: 0.09453889015035666 +- 0.0
