Fold: 1 	 Test r2: 0.2810 	 Test Loss: 0.0317 	 Test MAE: 0.1200
Fold: 2 	 Test r2: 0.7002 	 Test Loss: 0.0107 	 Test MAE: 0.0737
Fold: 3 	 Test r2: 0.2350 	 Test Loss: 0.0465 	 Test MAE: 0.1053
Fold: 4 	 Test r2: 0.4642 	 Test Loss: 0.0318 	 Test MAE: 0.1154
Fold: 5 	 Test r2: 0.6252 	 Test Loss: 0.0135 	 Test MAE: 0.0794
Final avg. r2:  0.4611180252954208
Final avg. MSE: 0.026850467470885504
Final avg. MAE: 0.09875639870661457
R2: 0.4611180252954208 +- 0.0
MAE: 0.09875639870661457 +- 0.0
