Fold: 1 	 Test r2: 0.5884 	 Test Loss: 0.0148 	 Test MAE: 0.0836
Fold: 2 	 Test r2: 0.6913 	 Test Loss: 0.0173 	 Test MAE: 0.0853
Fold: 3 	 Test r2: 0.7459 	 Test Loss: 0.0106 	 Test MAE: 0.0674
Fold: 4 	 Test r2: 0.4497 	 Test Loss: 0.0354 	 Test MAE: 0.0878
Fold: 5 	 Test r2: 0.4099 	 Test Loss: 0.0225 	 Test MAE: 0.1034
Final avg. r2:  0.577030937648979
Final avg. MSE: 0.020125177594668663
Final avg. MAE: 0.08549572350584021
R2: 0.577030937648979 +- 0.0
MAE: 0.08549572350584021 +- 0.0
