Fold: 1 	 Test r2: 0.6457 	 Test Loss: 0.0153 	 Test MAE: 0.0734
Fold: 2 	 Test r2: 0.5502 	 Test Loss: 0.0215 	 Test MAE: 0.0905
Fold: 3 	 Test r2: 0.2199 	 Test Loss: 0.0285 	 Test MAE: 0.1223
Fold: 4 	 Test r2: -0.1560 	 Test Loss: 0.0371 	 Test MAE: 0.1057
Fold: 5 	 Test r2: 0.3459 	 Test Loss: 0.0484 	 Test MAE: 0.1069
Final avg. r2:  0.3211425862210174
Final avg. MSE: 0.030160405925004997
Final avg. MAE: 0.09976909117564103
R2: 0.3211425862210174 +- 0.0
MAE: 0.09976909117564103 +- 0.0
