Fold: 1 	 Test r2: 0.5689 	 Test Loss: 0.0164 	 Test MAE: 0.0840
Fold: 2 	 Test r2: 0.5473 	 Test Loss: 0.0153 	 Test MAE: 0.0812
Fold: 3 	 Test r2: 0.5872 	 Test Loss: 0.0227 	 Test MAE: 0.0997
Fold: 4 	 Test r2: 0.2809 	 Test Loss: 0.0435 	 Test MAE: 0.0990
Fold: 5 	 Test r2: 0.0992 	 Test Loss: 0.0379 	 Test MAE: 0.1024
Final avg. r2:  0.41668510275154313
Final avg. MSE: 0.027192352970462484
Final avg. MAE: 0.09326073772394333
R2: 0.41668510275154313 +- 0.0
MAE: 0.09326073772394333 +- 0.0
