Fold: 1 	 Test r2: 0.5812 	 Test Loss: 0.0179 	 Test MAE: 0.0915
Fold: 2 	 Test r2: 0.6014 	 Test Loss: 0.0166 	 Test MAE: 0.0743
Fold: 3 	 Test r2: 0.6022 	 Test Loss: 0.0289 	 Test MAE: 0.0949
Fold: 4 	 Test r2: 0.1397 	 Test Loss: 0.0360 	 Test MAE: 0.1092
Fold: 5 	 Test r2: 0.3042 	 Test Loss: 0.0235 	 Test MAE: 0.1094
Final avg. r2:  0.4457235339692193
Final avg. MSE: 0.024579682003499963
Final avg. MAE: 0.0958486939286243
R2: 0.4457235339692193 +- 0.0
MAE: 0.0958486939286243 +- 0.0
