Fold: 1 	 Test r2: 0.4317 	 Test Loss: 0.0204 	 Test MAE: 0.0953
Fold: 2 	 Test r2: 0.6915 	 Test Loss: 0.0126 	 Test MAE: 0.0789
Fold: 3 	 Test r2: 0.6993 	 Test Loss: 0.0099 	 Test MAE: 0.0669
Fold: 4 	 Test r2: 0.6665 	 Test Loss: 0.0133 	 Test MAE: 0.0693
Fold: 5 	 Test r2: 0.4450 	 Test Loss: 0.0423 	 Test MAE: 0.1105
Final avg. r2:  0.5868124568273695
Final avg. MSE: 0.019679061232045023
Final avg. MAE: 0.0841789437419906
R2: 0.5868124568273695 +- 0.0
MAE: 0.0841789437419906 +- 0.0
