Fold: 1 	 Test r2: 0.4687 	 Test Loss: 0.0394 	 Test MAE: 0.0957
Fold: 2 	 Test r2: -0.2001 	 Test Loss: 0.0347 	 Test MAE: 0.1029
Fold: 3 	 Test r2: 0.6121 	 Test Loss: 0.0135 	 Test MAE: 0.0791
Fold: 4 	 Test r2: 0.7209 	 Test Loss: 0.0105 	 Test MAE: 0.0675
Fold: 5 	 Test r2: 0.5600 	 Test Loss: 0.0234 	 Test MAE: 0.0950
Final avg. r2:  0.43229270041476636
Final avg. MSE: 0.024300084950619708
Final avg. MAE: 0.0880386380326687
R2: 0.43229270041476636 +- 0.0
MAE: 0.0880386380326687 +- 0.0
