Fold: 1 	 Test r2: 0.5433 	 Test Loss: 0.0334 	 Test MAE: 0.0895
Fold: 2 	 Test r2: 0.4811 	 Test Loss: 0.0205 	 Test MAE: 0.0873
Fold: 3 	 Test r2: 0.5990 	 Test Loss: 0.0188 	 Test MAE: 0.0886
Fold: 4 	 Test r2: 0.4732 	 Test Loss: 0.0144 	 Test MAE: 0.0780
Fold: 5 	 Test r2: 0.6853 	 Test Loss: 0.0141 	 Test MAE: 0.0897
Final avg. r2:  0.556381218946417
Final avg. MSE: 0.020251368270119516
Final avg. MAE: 0.08662901320431357
R2: 0.556381218946417 +- 0.0
MAE: 0.08662901320431357 +- 0.0
