Fold: 1 	 Test r2: 0.5421 	 Test Loss: 0.0174 	 Test MAE: 0.0955
Fold: 2 	 Test r2: -1.0290 	 Test Loss: 0.0920 	 Test MAE: 0.1526
Fold: 3 	 Test r2: 0.3292 	 Test Loss: 0.0367 	 Test MAE: 0.1157
Fold: 4 	 Test r2: 0.2450 	 Test Loss: 0.0265 	 Test MAE: 0.1073
Fold: 5 	 Test r2: 0.4801 	 Test Loss: 0.0321 	 Test MAE: 0.0933
Final avg. r2:  0.11347547405495814
Final avg. MSE: 0.040931051925973384
Final avg. MAE: 0.11287132309889103
R2: 0.11347547405495814 +- 0.0
MAE: 0.11287132309889103 +- 0.0
