Fold: 1 	 Test r2: 0.5235 	 Test Loss: 0.0226 	 Test MAE: 0.1017
Fold: 2 	 Test r2: 0.2771 	 Test Loss: 0.0390 	 Test MAE: 0.0952
Fold: 3 	 Test r2: -1.9389 	 Test Loss: 0.0890 	 Test MAE: 0.1247
Fold: 4 	 Test r2: 0.3326 	 Test Loss: 0.0391 	 Test MAE: 0.0849
Fold: 5 	 Test r2: 0.5553 	 Test Loss: 0.0186 	 Test MAE: 0.0972
Final avg. r2:  -0.05008391223486628
Final avg. MSE: 0.04165130276504632
Final avg. MAE: 0.10076179973033517
R2: -0.05008391223486628 +- 0.0
MAE: 0.10076179973033517 +- 0.0
