Fold: 1 	 Test r2: 0.7348 	 Test Loss: 0.0112 	 Test MAE: 0.0746
Fold: 2 	 Test r2: 0.6523 	 Test Loss: 0.0138 	 Test MAE: 0.0765
Fold: 3 	 Test r2: 0.2357 	 Test Loss: 0.0297 	 Test MAE: 0.0851
Fold: 4 	 Test r2: 0.2526 	 Test Loss: 0.0454 	 Test MAE: 0.1275
Fold: 5 	 Test r2: 0.7530 	 Test Loss: 0.0114 	 Test MAE: 0.0617
Final avg. r2:  0.5256896872555419
Final avg. MSE: 0.022307317367241418
Final avg. MAE: 0.08506569460376488
R2: 0.5256896872555419 +- 0.0
MAE: 0.08506569460376488 +- 0.0
