Fold: 1 	 Test r2: 0.5660 	 Test Loss: 0.0155 	 Test MAE: 0.0908
Fold: 2 	 Test r2: 0.7023 	 Test Loss: 0.0139 	 Test MAE: 0.0772
Fold: 3 	 Test r2: 0.1408 	 Test Loss: 0.0499 	 Test MAE: 0.0991
Fold: 4 	 Test r2: 0.2471 	 Test Loss: 0.0362 	 Test MAE: 0.1323
Fold: 5 	 Test r2: 0.6692 	 Test Loss: 0.0152 	 Test MAE: 0.0948
Final avg. r2:  0.4650841555205439
Final avg. MSE: 0.02615307854418995
Final avg. MAE: 0.09882042541352362
R2: 0.4650841555205439 +- 0.0
MAE: 0.09882042541352362 +- 0.0
