Fold: 1 	 Test r2: 0.8419 	 Test Loss: 0.0082 	 Test MAE: 0.0695
Fold: 2 	 Test r2: 0.0730 	 Test Loss: 0.0277 	 Test MAE: 0.1109
Fold: 3 	 Test r2: 0.3033 	 Test Loss: 0.0391 	 Test MAE: 0.0872
Fold: 4 	 Test r2: 0.3279 	 Test Loss: 0.0303 	 Test MAE: 0.1157
Fold: 5 	 Test r2: 0.5134 	 Test Loss: 0.0244 	 Test MAE: 0.0985
Final avg. r2:  0.41191077610825627
Final avg. MSE: 0.025920422480270107
Final avg. MAE: 0.09632858070069734
R2: 0.41191077610825627 +- 0.0
MAE: 0.09632858070069734 +- 0.0
