Fold: 1 	 Test r2: 0.3511 	 Test Loss: 0.0246 	 Test MAE: 0.1043
Fold: 2 	 Test r2: 0.3686 	 Test Loss: 0.0368 	 Test MAE: 0.1230
Fold: 3 	 Test r2: 0.3571 	 Test Loss: 0.0418 	 Test MAE: 0.0923
Fold: 4 	 Test r2: 0.4599 	 Test Loss: 0.0178 	 Test MAE: 0.0818
Fold: 5 	 Test r2: 0.5866 	 Test Loss: 0.0164 	 Test MAE: 0.0798
Final avg. r2:  0.42466577691051627
Final avg. MSE: 0.027466703984967394
Final avg. MAE: 0.0962288488938036
R2: 0.42466577691051627 +- 0.0
MAE: 0.0962288488938036 +- 0.0
