Fold: 1 	 Test r2: 0.2068 	 Test Loss: 0.0322 	 Test MAE: 0.1020
Fold: 2 	 Test r2: 0.5261 	 Test Loss: 0.0243 	 Test MAE: 0.0970
Fold: 3 	 Test r2: 0.4274 	 Test Loss: 0.0211 	 Test MAE: 0.0866
Fold: 4 	 Test r2: -0.0580 	 Test Loss: 0.0377 	 Test MAE: 0.1179
Fold: 5 	 Test r2: 0.4778 	 Test Loss: 0.0363 	 Test MAE: 0.0863
Final avg. r2:  0.3160119393695414
Final avg. MSE: 0.03032944075431876
Final avg. MAE: 0.09796749027445913
R2: 0.3160119393695414 +- 0.0
MAE: 0.09796749027445913 +- 0.0
