Fold: 1 	 Test r2: 0.3338 	 Test Loss: 0.0393 	 Test MAE: 0.0970
Fold: 2 	 Test r2: 0.5262 	 Test Loss: 0.0223 	 Test MAE: 0.0934
Fold: 3 	 Test r2: 0.6642 	 Test Loss: 0.0179 	 Test MAE: 0.0823
Fold: 4 	 Test r2: 0.7163 	 Test Loss: 0.0121 	 Test MAE: 0.0695
Fold: 5 	 Test r2: 0.3421 	 Test Loss: 0.0220 	 Test MAE: 0.0959
Final avg. r2:  0.5164996379206078
Final avg. MSE: 0.022728384312782252
Final avg. MAE: 0.08762134614837716
R2: 0.5164996379206078 +- 0.0
MAE: 0.08762134614837716 +- 0.0
