Fold: 1 	 Test r2: 0.5499 	 Test Loss: 0.0149 	 Test MAE: 0.0802
Fold: 2 	 Test r2: 0.5337 	 Test Loss: 0.0243 	 Test MAE: 0.1073
Fold: 3 	 Test r2: 0.2898 	 Test Loss: 0.0240 	 Test MAE: 0.0962
Fold: 4 	 Test r2: 0.3765 	 Test Loss: 0.0417 	 Test MAE: 0.0825
Fold: 5 	 Test r2: 0.6353 	 Test Loss: 0.0172 	 Test MAE: 0.0804
Final avg. r2:  0.47704867359800396
Final avg. MSE: 0.02443541012374814
Final avg. MAE: 0.08932630209138198
R2: 0.47704867359800396 +- 0.0
MAE: 0.08932630209138198 +- 0.0
