Fold: 1 	 Test r2: 0.5990 	 Test Loss: 0.0190 	 Test MAE: 0.0879
Fold: 2 	 Test r2: 0.5514 	 Test Loss: 0.0175 	 Test MAE: 0.0840
Fold: 3 	 Test r2: 0.6361 	 Test Loss: 0.0159 	 Test MAE: 0.0845
Fold: 4 	 Test r2: 0.4274 	 Test Loss: 0.0138 	 Test MAE: 0.0776
Fold: 5 	 Test r2: 0.4662 	 Test Loss: 0.0428 	 Test MAE: 0.1005
Final avg. r2:  0.5360072052641499
Final avg. MSE: 0.02180787674088871
Final avg. MAE: 0.08691201374048786
R2: 0.5360072052641499 +- 0.0
MAE: 0.08691201374048786 +- 0.0
