Fold: 1 	 Test r2: 0.3200 	 Test Loss: 0.0412 	 Test MAE: 0.1031
Fold: 2 	 Test r2: 0.7267 	 Test Loss: 0.0069 	 Test MAE: 0.0538
Fold: 3 	 Test r2: -0.5232 	 Test Loss: 0.0756 	 Test MAE: 0.1415
Fold: 4 	 Test r2: 0.6730 	 Test Loss: 0.0137 	 Test MAE: 0.0795
Fold: 5 	 Test r2: 0.7359 	 Test Loss: 0.0146 	 Test MAE: 0.0764
Final avg. r2:  0.38648794186149926
Final avg. MSE: 0.030397354226171493
Final avg. MAE: 0.09089200230327998
R2: 0.38648794186149926 +- 0.0
MAE: 0.09089200230327998 +- 0.0
