Fold: 1 	 Test r2: 0.4300 	 Test Loss: 0.0165 	 Test MAE: 0.0934
Fold: 2 	 Test r2: 0.4540 	 Test Loss: 0.0263 	 Test MAE: 0.0927
Fold: 3 	 Test r2: 0.4920 	 Test Loss: 0.0248 	 Test MAE: 0.1029
Fold: 4 	 Test r2: -0.0570 	 Test Loss: 0.0439 	 Test MAE: 0.1126
Fold: 5 	 Test r2: 0.2113 	 Test Loss: 0.0479 	 Test MAE: 0.1025
Final avg. r2:  0.3060584865632602
Final avg. MSE: 0.03186385792406822
Final avg. MAE: 0.10082086437780942
R2: 0.3060584865632602 +- 0.0
MAE: 0.10082086437780942 +- 0.0
