Fold: 1 	 Test r2: 0.7326 	 Test Loss: 0.0141 	 Test MAE: 0.0707
Fold: 2 	 Test r2: 0.6083 	 Test Loss: 0.0166 	 Test MAE: 0.0841
Fold: 3 	 Test r2: 0.4750 	 Test Loss: 0.0396 	 Test MAE: 0.0979
Fold: 4 	 Test r2: 0.3246 	 Test Loss: 0.0241 	 Test MAE: 0.0996
Fold: 5 	 Test r2: -2.6370 	 Test Loss: 0.0815 	 Test MAE: 0.1558
Final avg. r2:  -0.09930695132508705
Final avg. MSE: 0.035177328380769965
Final avg. MAE: 0.10163266645383318
R2: -0.09930695132508705 +- 0.0
MAE: 0.10163266645383318 +- 0.0
