Fold: 1 	 Test r2: 0.8191 	 Test Loss: 0.0081 	 Test MAE: 0.0663
Fold: 2 	 Test r2: 0.7771 	 Test Loss: 0.0088 	 Test MAE: 0.0625
Fold: 3 	 Test r2: 0.4030 	 Test Loss: 0.0207 	 Test MAE: 0.0904
Fold: 4 	 Test r2: 0.3880 	 Test Loss: 0.0241 	 Test MAE: 0.0994
Fold: 5 	 Test r2: 0.3672 	 Test Loss: 0.0476 	 Test MAE: 0.1164
Final avg. r2:  0.5508809541060204
Final avg. MSE: 0.021852346724546483
Final avg. MAE: 0.08700316134637513
R2: 0.5508809541060204 +- 0.0
MAE: 0.08700316134637513 +- 0.0
