Fold: 1 	 Test r2: 0.2985 	 Test Loss: 0.0203 	 Test MAE: 0.0830
Fold: 2 	 Test r2: 0.6499 	 Test Loss: 0.0177 	 Test MAE: 0.0820
Fold: 3 	 Test r2: 0.6958 	 Test Loss: 0.0124 	 Test MAE: 0.0746
Fold: 4 	 Test r2: 0.5299 	 Test Loss: 0.0182 	 Test MAE: 0.0901
Fold: 5 	 Test r2: 0.4991 	 Test Loss: 0.0368 	 Test MAE: 0.0875
Final avg. r2:  0.5346317980737869
Final avg. MSE: 0.021071958232266756
Final avg. MAE: 0.0834282472311538
R2: 0.5346317980737869 +- 0.0
MAE: 0.0834282472311538 +- 0.0
