Fold: 1 	 Test r2: 0.7070 	 Test Loss: 0.0102 	 Test MAE: 0.0689
Fold: 2 	 Test r2: 0.4928 	 Test Loss: 0.0163 	 Test MAE: 0.0849
Fold: 3 	 Test r2: 0.4343 	 Test Loss: 0.0423 	 Test MAE: 0.1015
Fold: 4 	 Test r2: 0.3867 	 Test Loss: 0.0313 	 Test MAE: 0.1054
Fold: 5 	 Test r2: 0.7392 	 Test Loss: 0.0102 	 Test MAE: 0.0723
Final avg. r2:  0.5519827358133667
Final avg. MSE: 0.0220515960776249
Final avg. MAE: 0.0865743832966807
R2: 0.5519827358133667 +- 0.0
MAE: 0.0865743832966807 +- 0.0
