Fold: 1 	 Test r2: 0.6156 	 Test Loss: 0.0163 	 Test MAE: 0.0933
Fold: 2 	 Test r2: 0.5214 	 Test Loss: 0.0179 	 Test MAE: 0.0919
Fold: 3 	 Test r2: 0.7782 	 Test Loss: 0.0090 	 Test MAE: 0.0652
Fold: 4 	 Test r2: 0.2802 	 Test Loss: 0.0459 	 Test MAE: 0.1114
Fold: 5 	 Test r2: 0.2861 	 Test Loss: 0.0362 	 Test MAE: 0.1154
Final avg. r2:  0.4963211504651036
Final avg. MSE: 0.02508068488268834
Final avg. MAE: 0.0954273401556828
R2: 0.4963211504651036 +- 0.0
MAE: 0.0954273401556828 +- 0.0
