Fold: 1 	 Test r2: 0.3331 	 Test Loss: 0.0481 	 Test MAE: 0.1089
Fold: 2 	 Test r2: 0.7549 	 Test Loss: 0.0080 	 Test MAE: 0.0550
Fold: 3 	 Test r2: 0.7286 	 Test Loss: 0.0120 	 Test MAE: 0.0803
Fold: 4 	 Test r2: 0.3587 	 Test Loss: 0.0268 	 Test MAE: 0.1034
Fold: 5 	 Test r2: 0.3745 	 Test Loss: 0.0271 	 Test MAE: 0.0982
Final avg. r2:  0.509961800702569
Final avg. MSE: 0.024397609514666456
Final avg. MAE: 0.08917904644064148
R2: 0.509961800702569 +- 0.0
MAE: 0.08917904644064148 +- 0.0
