Fold: 1 	 Test r2: 0.4026 	 Test Loss: 0.0192 	 Test MAE: 0.0869
Fold: 2 	 Test r2: 0.4517 	 Test Loss: 0.0313 	 Test MAE: 0.1125
Fold: 3 	 Test r2: -0.1276 	 Test Loss: 0.0405 	 Test MAE: 0.1041
Fold: 4 	 Test r2: 0.4880 	 Test Loss: 0.0369 	 Test MAE: 0.0975
Fold: 5 	 Test r2: 0.7856 	 Test Loss: 0.0080 	 Test MAE: 0.0631
Final avg. r2:  0.4000577050740718
Final avg. MSE: 0.02717583732050744
Final avg. MAE: 0.0928189793481257
R2: 0.4000577050740718 +- 0.0
MAE: 0.0928189793481257 +- 0.0
