Fold: 1 	 Test r2: 0.6805 	 Test Loss: 0.0107 	 Test MAE: 0.0734
Fold: 2 	 Test r2: 0.4207 	 Test Loss: 0.0292 	 Test MAE: 0.1063
Fold: 3 	 Test r2: -0.2605 	 Test Loss: 0.0536 	 Test MAE: 0.1195
Fold: 4 	 Test r2: 0.5560 	 Test Loss: 0.0173 	 Test MAE: 0.0840
Fold: 5 	 Test r2: 0.4819 	 Test Loss: 0.0357 	 Test MAE: 0.0899
Final avg. r2:  0.37573444621499064
Final avg. MSE: 0.02930884767402111
Final avg. MAE: 0.09464820551552942
R2: 0.37573444621499064 +- 0.0
MAE: 0.09464820551552942 +- 0.0
