Fold: 1 	 Test r2: 0.6614 	 Test Loss: 0.0195 	 Test MAE: 0.0850
Fold: 2 	 Test r2: 0.2500 	 Test Loss: 0.0476 	 Test MAE: 0.0973
Fold: 3 	 Test r2: 0.3891 	 Test Loss: 0.0142 	 Test MAE: 0.0847
Fold: 4 	 Test r2: 0.8336 	 Test Loss: 0.0081 	 Test MAE: 0.0558
Fold: 5 	 Test r2: 0.6583 	 Test Loss: 0.0135 	 Test MAE: 0.0799
Final avg. r2:  0.5584774898182644
Final avg. MSE: 0.02056680796846213
Final avg. MAE: 0.08053811464655106
R2: 0.5584774898182644 +- 0.0
MAE: 0.08053811464655106 +- 0.0
