Fold: 1 	 Test r2: 0.5379 	 Test Loss: 0.0189 	 Test MAE: 0.0793
Fold: 2 	 Test r2: 0.5413 	 Test Loss: 0.0345 	 Test MAE: 0.0985
Fold: 3 	 Test r2: 0.6950 	 Test Loss: 0.0114 	 Test MAE: 0.0735
Fold: 4 	 Test r2: 0.5427 	 Test Loss: 0.0169 	 Test MAE: 0.0849
Fold: 5 	 Test r2: 0.7305 	 Test Loss: 0.0112 	 Test MAE: 0.0653
Final avg. r2:  0.60949259696701
Final avg. MSE: 0.018567520716454455
Final avg. MAE: 0.08030312231925577
R2: 0.60949259696701 +- 0.0
MAE: 0.08030312231925577 +- 0.0
