Fold: 1 	 Test r2: 0.6353 	 Test Loss: 0.0154 	 Test MAE: 0.0764
Fold: 2 	 Test r2: 0.6796 	 Test Loss: 0.0146 	 Test MAE: 0.0884
Fold: 3 	 Test r2: 0.5308 	 Test Loss: 0.0179 	 Test MAE: 0.0852
Fold: 4 	 Test r2: 0.1025 	 Test Loss: 0.0539 	 Test MAE: 0.1221
Fold: 5 	 Test r2: 0.5642 	 Test Loss: 0.0196 	 Test MAE: 0.1047
Final avg. r2:  0.5024860845073412
Final avg. MSE: 0.024279109251642155
Final avg. MAE: 0.09533041840685266
R2: 0.5024860845073412 +- 0.0
MAE: 0.09533041840685266 +- 0.0
