Fold: 1 	 Test r2: 0.9331 	 Test Loss: 0.0033 	 Test MAE: 0.0370
Fold: 2 	 Test r2: 0.7430 	 Test Loss: 0.0184 	 Test MAE: 0.0672
Fold: 3 	 Test r2: 0.7764 	 Test Loss: 0.0083 	 Test MAE: 0.0423
Fold: 4 	 Test r2: 0.7949 	 Test Loss: 0.0065 	 Test MAE: 0.0521
Fold: 5 	 Test r2: 0.9171 	 Test Loss: 0.0034 	 Test MAE: 0.0355
Final avg. r2:  0.8328899554155689
Final avg. MSE: 0.007978290336680172
Final avg. MAE: 0.04679702024235307
R2: 0.8328899554155689 +- 0.0
MAE: 0.04679702024235307 +- 0.0
