Fold: 1 	 Test r2: 0.7288 	 Test Loss: 0.0133 	 Test MAE: 0.0580
Fold: 2 	 Test r2: 0.7550 	 Test Loss: 0.0096 	 Test MAE: 0.0596
Fold: 3 	 Test r2: 0.9155 	 Test Loss: 0.0035 	 Test MAE: 0.0415
Fold: 4 	 Test r2: 0.6970 	 Test Loss: 0.0212 	 Test MAE: 0.0674
Fold: 5 	 Test r2: 0.7585 	 Test Loss: 0.0080 	 Test MAE: 0.0523
Final avg. r2:  0.770952422953
Final avg. MSE: 0.011105445544016443
Final avg. MAE: 0.05574523319813366
R2: 0.770952422953 +- 0.0
MAE: 0.05574523319813366 +- 0.0
