Fold: 1 	 Test r2: 0.7376 	 Test Loss: 0.0100 	 Test MAE: 0.0736
Fold: 2 	 Test r2: 0.7928 	 Test Loss: 0.0075 	 Test MAE: 0.0476
Fold: 3 	 Test r2: 0.7989 	 Test Loss: 0.0118 	 Test MAE: 0.0556
Fold: 4 	 Test r2: 0.9046 	 Test Loss: 0.0034 	 Test MAE: 0.0410
Fold: 5 	 Test r2: 0.6912 	 Test Loss: 0.0203 	 Test MAE: 0.0563
Final avg. r2:  0.7850348231804832
Final avg. MSE: 0.010585706117378928
Final avg. MAE: 0.054808332510672665
R2: 0.7850348231804832 +- 0.0
MAE: 0.054808332510672665 +- 0.0
