Fold: 1 	 Test r2: 0.8910 	 Test Loss: 0.0039 	 Test MAE: 0.0429
Fold: 2 	 Test r2: 0.7251 	 Test Loss: 0.0080 	 Test MAE: 0.0495
Fold: 3 	 Test r2: 0.8466 	 Test Loss: 0.0112 	 Test MAE: 0.0481
Fold: 4 	 Test r2: 0.8481 	 Test Loss: 0.0070 	 Test MAE: 0.0532
Fold: 5 	 Test r2: 0.8082 	 Test Loss: 0.0098 	 Test MAE: 0.0516
Final avg. r2:  0.8238014439838894
Final avg. MSE: 0.0079804437686728
Final avg. MAE: 0.04905240424800993
R2: 0.8238014439838894 +- 0.0
MAE: 0.04905240424800993 +- 0.0
