Fold: 1 	 Test r2: 0.6800 	 Test Loss: 0.0150 	 Test MAE: 0.0696
Fold: 2 	 Test r2: 0.7989 	 Test Loss: 0.0140 	 Test MAE: 0.0430
Fold: 3 	 Test r2: 0.7870 	 Test Loss: 0.0079 	 Test MAE: 0.0497
Fold: 4 	 Test r2: 0.9031 	 Test Loss: 0.0044 	 Test MAE: 0.0465
Fold: 5 	 Test r2: 0.8506 	 Test Loss: 0.0048 	 Test MAE: 0.0473
Final avg. r2:  0.8039177373371131
Final avg. MSE: 0.009213686558717862
Final avg. MAE: 0.051245032803972766
R2: 0.8039177373371131 +- 0.0
MAE: 0.051245032803972766 +- 0.0
