Fold: 1 	 Test r2: 0.6567 	 Test Loss: 0.0123 	 Test MAE: 0.0548
Fold: 2 	 Test r2: 0.8938 	 Test Loss: 0.0041 	 Test MAE: 0.0411
Fold: 3 	 Test r2: 0.6169 	 Test Loss: 0.0336 	 Test MAE: 0.0905
Fold: 4 	 Test r2: 0.8885 	 Test Loss: 0.0048 	 Test MAE: 0.0484
Fold: 5 	 Test r2: 0.7880 	 Test Loss: 0.0043 	 Test MAE: 0.0475
Final avg. r2:  0.7687820445624236
Final avg. MSE: 0.011820568842754805
Final avg. MAE: 0.056449750752574725
R2: 0.7687820445624236 +- 0.0
MAE: 0.056449750752574725 +- 0.0
