Fold: 1 	 Test r2: 0.8505 	 Test Loss: 0.0049 	 Test MAE: 0.0442
Fold: 2 	 Test r2: 0.8466 	 Test Loss: 0.0118 	 Test MAE: 0.0582
Fold: 3 	 Test r2: 0.7168 	 Test Loss: 0.0121 	 Test MAE: 0.0533
Fold: 4 	 Test r2: 0.8450 	 Test Loss: 0.0063 	 Test MAE: 0.0493
Fold: 5 	 Test r2: 0.9114 	 Test Loss: 0.0036 	 Test MAE: 0.0382
Final avg. r2:  0.8340599210894301
Final avg. MSE: 0.007748670081304093
Final avg. MAE: 0.048637724959855376
R2: 0.8340599210894301 +- 0.0
MAE: 0.048637724959855376 +- 0.0
