Fold: 1 	 Test r2: 0.7390 	 Test Loss: 0.0192 	 Test MAE: 0.0648
Fold: 2 	 Test r2: 0.5795 	 Test Loss: 0.0123 	 Test MAE: 0.0639
Fold: 3 	 Test r2: 0.7289 	 Test Loss: 0.0129 	 Test MAE: 0.0646
Fold: 4 	 Test r2: 0.9111 	 Test Loss: 0.0042 	 Test MAE: 0.0454
Fold: 5 	 Test r2: 0.8333 	 Test Loss: 0.0060 	 Test MAE: 0.0550
Final avg. r2:  0.7583592968882279
Final avg. MSE: 0.01089780630919331
Final avg. MAE: 0.05874412350014461
R2: 0.7583592968882279 +- 0.0
MAE: 0.05874412350014461 +- 0.0
