Fold: 1 	 Test r2: 0.9081 	 Test Loss: 0.0035 	 Test MAE: 0.0401
Fold: 2 	 Test r2: 0.7311 	 Test Loss: 0.0192 	 Test MAE: 0.0630
Fold: 3 	 Test r2: 0.7446 	 Test Loss: 0.0094 	 Test MAE: 0.0688
Fold: 4 	 Test r2: 0.7797 	 Test Loss: 0.0096 	 Test MAE: 0.0509
Fold: 5 	 Test r2: 0.9038 	 Test Loss: 0.0040 	 Test MAE: 0.0395
Final avg. r2:  0.8134565156194131
Final avg. MSE: 0.009156130417393573
Final avg. MAE: 0.0524538065566599
R2: 0.8134565156194131 +- 0.0
MAE: 0.0524538065566599 +- 0.0
