Fold: 1 	 Test r2: 0.8845 	 Test Loss: 0.0050 	 Test MAE: 0.0434
Fold: 2 	 Test r2: 0.7310 	 Test Loss: 0.0085 	 Test MAE: 0.0542
Fold: 3 	 Test r2: 0.7363 	 Test Loss: 0.0179 	 Test MAE: 0.0626
Fold: 4 	 Test r2: 0.8277 	 Test Loss: 0.0066 	 Test MAE: 0.0380
Fold: 5 	 Test r2: 0.7992 	 Test Loss: 0.0104 	 Test MAE: 0.0463
Final avg. r2:  0.7957364159195757
Final avg. MSE: 0.009684366222020064
Final avg. MAE: 0.04890119324178517
R2: 0.7957364159195757 +- 0.0
MAE: 0.04890119324178517 +- 0.0
