Fold: 1 	 Test r2: 0.7220 	 Test Loss: 0.0178 	 Test MAE: 0.0619
Fold: 2 	 Test r2: 0.9168 	 Test Loss: 0.0027 	 Test MAE: 0.0394
Fold: 3 	 Test r2: 0.8893 	 Test Loss: 0.0053 	 Test MAE: 0.0512
Fold: 4 	 Test r2: 0.8562 	 Test Loss: 0.0079 	 Test MAE: 0.0584
Fold: 5 	 Test r2: 0.8935 	 Test Loss: 0.0037 	 Test MAE: 0.0354
Final avg. r2:  0.8555723306503504
Final avg. MSE: 0.007495617836822087
Final avg. MAE: 0.04925600793529429
R2: 0.8555723306503504 +- 0.0
MAE: 0.04925600793529429 +- 0.0
