Fold: 1 	 Test r2: 0.8943 	 Test Loss: 0.0050 	 Test MAE: 0.0491
Fold: 2 	 Test r2: 0.7231 	 Test Loss: 0.0108 	 Test MAE: 0.0535
Fold: 3 	 Test r2: 0.8688 	 Test Loss: 0.0047 	 Test MAE: 0.0395
Fold: 4 	 Test r2: 0.5660 	 Test Loss: 0.0326 	 Test MAE: 0.0850
Fold: 5 	 Test r2: 0.9117 	 Test Loss: 0.0030 	 Test MAE: 0.0397
Final avg. r2:  0.7927662476302629
Final avg. MSE: 0.011220314083254116
Final avg. MAE: 0.05335676111724404
R2: 0.7927662476302629 +- 0.0
MAE: 0.05335676111724404 +- 0.0
