Fold: 1 	 Test r2: 0.8745 	 Test Loss: 0.0075 	 Test MAE: 0.0542
Fold: 2 	 Test r2: 0.7410 	 Test Loss: 0.0103 	 Test MAE: 0.0550
Fold: 3 	 Test r2: 0.7699 	 Test Loss: 0.0170 	 Test MAE: 0.0537
Fold: 4 	 Test r2: 0.8556 	 Test Loss: 0.0046 	 Test MAE: 0.0508
Fold: 5 	 Test r2: 0.7273 	 Test Loss: 0.0076 	 Test MAE: 0.0523
Final avg. r2:  0.7936462223695572
Final avg. MSE: 0.009393828790584383
Final avg. MAE: 0.0531915878135787
R2: 0.7936462223695572 +- 0.0
MAE: 0.0531915878135787 +- 0.0
