Fold: 1 	 Test r2: 0.9012 	 Test Loss: 0.0038 	 Test MAE: 0.0451
Fold: 2 	 Test r2: 0.9013 	 Test Loss: 0.0034 	 Test MAE: 0.0361
Fold: 3 	 Test r2: 0.8100 	 Test Loss: 0.0088 	 Test MAE: 0.0623
Fold: 4 	 Test r2: 0.6686 	 Test Loss: 0.0256 	 Test MAE: 0.0656
Fold: 5 	 Test r2: 0.6898 	 Test Loss: 0.0121 	 Test MAE: 0.0701
Final avg. r2:  0.7941766082354125
Final avg. MSE: 0.010739954314948669
Final avg. MAE: 0.05584001706938456
R2: 0.7941766082354125 +- 0.0
MAE: 0.05584001706938456 +- 0.0
