Fold: 1 	 Test r2: 0.8349 	 Test Loss: 0.0142 	 Test MAE: 0.0525
Fold: 2 	 Test r2: 0.8532 	 Test Loss: 0.0050 	 Test MAE: 0.0446
Fold: 3 	 Test r2: 0.9129 	 Test Loss: 0.0032 	 Test MAE: 0.0378
Fold: 4 	 Test r2: 0.7802 	 Test Loss: 0.0071 	 Test MAE: 0.0548
Fold: 5 	 Test r2: 0.7479 	 Test Loss: 0.0106 	 Test MAE: 0.0534
Final avg. r2:  0.8258305900568399
Final avg. MSE: 0.007995277352836625
Final avg. MAE: 0.04861759812425391
R2: 0.8258305900568399 +- 0.0
MAE: 0.04861759812425391 +- 0.0
