Fold: 1 	 Test r2: 0.6971 	 Test Loss: 0.0092 	 Test MAE: 0.0521
Fold: 2 	 Test r2: 0.9208 	 Test Loss: 0.0035 	 Test MAE: 0.0416
Fold: 3 	 Test r2: 0.8183 	 Test Loss: 0.0060 	 Test MAE: 0.0462
Fold: 4 	 Test r2: 0.7525 	 Test Loss: 0.0185 	 Test MAE: 0.0576
Fold: 5 	 Test r2: 0.7320 	 Test Loss: 0.0128 	 Test MAE: 0.0585
Final avg. r2:  0.7841231109007436
Final avg. MSE: 0.00998441083760751
Final avg. MAE: 0.05117593835722528
R2: 0.7841231109007436 +- 0.0
MAE: 0.05117593835722528 +- 0.0
