Fold: 1 	 Test r2: 0.8362 	 Test Loss: 0.0062 	 Test MAE: 0.0493
Fold: 2 	 Test r2: 0.8452 	 Test Loss: 0.0047 	 Test MAE: 0.0492
Fold: 3 	 Test r2: 0.6857 	 Test Loss: 0.0218 	 Test MAE: 0.0627
Fold: 4 	 Test r2: 0.7961 	 Test Loss: 0.0084 	 Test MAE: 0.0557
Fold: 5 	 Test r2: 0.7876 	 Test Loss: 0.0120 	 Test MAE: 0.0590
Final avg. r2:  0.7901542354801597
Final avg. MSE: 0.010617177994076663
Final avg. MAE: 0.05519371702126703
R2: 0.7901542354801597 +- 0.0
MAE: 0.05519371702126703 +- 0.0
