Fold: 1 	 Test r2: 0.9229 	 Test Loss: 0.0039 	 Test MAE: 0.0461
Fold: 2 	 Test r2: 0.8602 	 Test Loss: 0.0037 	 Test MAE: 0.0398
Fold: 3 	 Test r2: 0.8084 	 Test Loss: 0.0097 	 Test MAE: 0.0539
Fold: 4 	 Test r2: 0.6963 	 Test Loss: 0.0087 	 Test MAE: 0.0550
Fold: 5 	 Test r2: 0.7064 	 Test Loss: 0.0206 	 Test MAE: 0.0759
Final avg. r2:  0.7988189160244177
Final avg. MSE: 0.009331844685817891
Final avg. MAE: 0.054147831260600465
R2: 0.7988189160244177 +- 0.0
MAE: 0.054147831260600465 +- 0.0
