Fold: 1 	 Test r2: 0.7770 	 Test Loss: 0.0148 	 Test MAE: 0.0704
Fold: 2 	 Test r2: 0.8578 	 Test Loss: 0.0047 	 Test MAE: 0.0467
Fold: 3 	 Test r2: 0.9060 	 Test Loss: 0.0026 	 Test MAE: 0.0342
Fold: 4 	 Test r2: 0.8215 	 Test Loss: 0.0104 	 Test MAE: 0.0586
Fold: 5 	 Test r2: 0.7567 	 Test Loss: 0.0120 	 Test MAE: 0.0487
Final avg. r2:  0.8238072390905785
Final avg. MSE: 0.008878617868983625
Final avg. MAE: 0.05171314913234641
R2: 0.8238072390905785 +- 0.0
MAE: 0.05171314913234641 +- 0.0
