Fold: 1 	 Test r2: 0.8340 	 Test Loss: 0.0112 	 Test MAE: 0.0580
Fold: 2 	 Test r2: 0.6508 	 Test Loss: 0.0106 	 Test MAE: 0.0478
Fold: 3 	 Test r2: 0.9083 	 Test Loss: 0.0048 	 Test MAE: 0.0463
Fold: 4 	 Test r2: 0.7832 	 Test Loss: 0.0099 	 Test MAE: 0.0590
Fold: 5 	 Test r2: 0.8236 	 Test Loss: 0.0070 	 Test MAE: 0.0582
Final avg. r2:  0.7999656685906862
Final avg. MSE: 0.0087021439151111
Final avg. MAE: 0.053848945262658154
R2: 0.7999656685906862 +- 0.0
MAE: 0.053848945262658154 +- 0.0
