Fold: 1 	 Test r2: 0.8481 	 Test Loss: 0.0064 	 Test MAE: 0.0551
Fold: 2 	 Test r2: 0.8341 	 Test Loss: 0.0075 	 Test MAE: 0.0563
Fold: 3 	 Test r2: 0.7254 	 Test Loss: 0.0114 	 Test MAE: 0.0477
Fold: 4 	 Test r2: 0.6982 	 Test Loss: 0.0072 	 Test MAE: 0.0516
Fold: 5 	 Test r2: 0.6721 	 Test Loss: 0.0262 	 Test MAE: 0.0726
Final avg. r2:  0.7555933673608505
Final avg. MSE: 0.011734378194470318
Final avg. MAE: 0.05666974960972054
R2: 0.7555933673608505 +- 0.0
MAE: 0.05666974960972054 +- 0.0
