Fold: 1 	 Test r2: 0.8946 	 Test Loss: 0.0050 	 Test MAE: 0.0402
Fold: 2 	 Test r2: 0.8335 	 Test Loss: 0.0058 	 Test MAE: 0.0449
Fold: 3 	 Test r2: 0.8513 	 Test Loss: 0.0058 	 Test MAE: 0.0483
Fold: 4 	 Test r2: 0.7822 	 Test Loss: 0.0127 	 Test MAE: 0.0591
Fold: 5 	 Test r2: 0.8285 	 Test Loss: 0.0090 	 Test MAE: 0.0500
Final avg. r2:  0.8380053813974977
Final avg. MSE: 0.007655366507662964
Final avg. MAE: 0.048512462336494
R2: 0.8380053813974977 +- 0.0
MAE: 0.048512462336494 +- 0.0
