Fold: 1 	 Test r2: 0.7382 	 Test Loss: 0.0117 	 Test MAE: 0.0652
Fold: 2 	 Test r2: 0.7350 	 Test Loss: 0.0164 	 Test MAE: 0.0552
Fold: 3 	 Test r2: 0.7438 	 Test Loss: 0.0069 	 Test MAE: 0.0539
Fold: 4 	 Test r2: 0.7690 	 Test Loss: 0.0107 	 Test MAE: 0.0603
Fold: 5 	 Test r2: 0.7756 	 Test Loss: 0.0121 	 Test MAE: 0.0653
Final avg. r2:  0.7523129832145854
Final avg. MSE: 0.011586733849662124
Final avg. MAE: 0.05997648597504868
R2: 0.7523129832145854 +- 0.0
MAE: 0.05997648597504868 +- 0.0
