Fold: 1 	 Test r2: 0.6387 	 Test Loss: 0.0139 	 Test MAE: 0.0619
Fold: 2 	 Test r2: 0.8402 	 Test Loss: 0.0051 	 Test MAE: 0.0436
Fold: 3 	 Test r2: 0.6972 	 Test Loss: 0.0228 	 Test MAE: 0.0651
Fold: 4 	 Test r2: 0.8567 	 Test Loss: 0.0085 	 Test MAE: 0.0559
Fold: 5 	 Test r2: 0.7670 	 Test Loss: 0.0056 	 Test MAE: 0.0525
Final avg. r2:  0.7599620979223848
Final avg. MSE: 0.011169236671145114
Final avg. MAE: 0.055819094755693154
R2: 0.7599620979223848 +- 0.0
MAE: 0.055819094755693154 +- 0.0
