Fold: 1 	 Test r2: 0.7132 	 Test Loss: 0.0250 	 Test MAE: 0.0718
Fold: 2 	 Test r2: 0.7989 	 Test Loss: 0.0057 	 Test MAE: 0.0492
Fold: 3 	 Test r2: 0.8918 	 Test Loss: 0.0037 	 Test MAE: 0.0408
Fold: 4 	 Test r2: 0.8746 	 Test Loss: 0.0062 	 Test MAE: 0.0509
Fold: 5 	 Test r2: 0.8512 	 Test Loss: 0.0048 	 Test MAE: 0.0457
Final avg. r2:  0.8259608188932749
Final avg. MSE: 0.009076372376657428
Final avg. MAE: 0.051669848690024854
R2: 0.8259608188932749 +- 0.0
MAE: 0.051669848690024854 +- 0.0
