Fold: 1 	 Test r2: 0.8253 	 Test Loss: 0.0061 	 Test MAE: 0.0516
Fold: 2 	 Test r2: 0.7616 	 Test Loss: 0.0096 	 Test MAE: 0.0478
Fold: 3 	 Test r2: 0.8114 	 Test Loss: 0.0057 	 Test MAE: 0.0463
Fold: 4 	 Test r2: 0.7939 	 Test Loss: 0.0105 	 Test MAE: 0.0496
Fold: 5 	 Test r2: 0.7479 	 Test Loss: 0.0192 	 Test MAE: 0.0685
Final avg. r2:  0.7880154427374582
Final avg. MSE: 0.010234228118017968
Final avg. MAE: 0.05275511952104415
R2: 0.7880154427374582 +- 0.0
MAE: 0.05275511952104415 +- 0.0
