Fold: 1 	 Test r2: 0.4862 	 Test Loss: 0.0155 	 Test MAE: 0.0640
Fold: 2 	 Test r2: 0.8091 	 Test Loss: 0.0087 	 Test MAE: 0.0470
Fold: 3 	 Test r2: 0.6652 	 Test Loss: 0.0232 	 Test MAE: 0.0591
Fold: 4 	 Test r2: 0.7010 	 Test Loss: 0.0102 	 Test MAE: 0.0633
Fold: 5 	 Test r2: 0.9108 	 Test Loss: 0.0047 	 Test MAE: 0.0442
Final avg. r2:  0.7144521235073477
Final avg. MSE: 0.012441558308396732
Final avg. MAE: 0.055530396859687414
R2: 0.7144521235073477 +- 0.0
MAE: 0.055530396859687414 +- 0.0
