Fold: 1 	 Test r2: 0.7099 	 Test Loss: 0.0204 	 Test MAE: 0.0625
Fold: 2 	 Test r2: 0.7384 	 Test Loss: 0.0112 	 Test MAE: 0.0527
Fold: 3 	 Test r2: 0.8232 	 Test Loss: 0.0063 	 Test MAE: 0.0497
Fold: 4 	 Test r2: 0.6961 	 Test Loss: 0.0118 	 Test MAE: 0.0571
Fold: 5 	 Test r2: 0.7790 	 Test Loss: 0.0101 	 Test MAE: 0.0699
Final avg. r2:  0.7493241152797261
Final avg. MSE: 0.011930044226644492
Final avg. MAE: 0.05838636981868217
R2: 0.7493241152797261 +- 0.0
MAE: 0.05838636981868217 +- 0.0
