Fold: 1 	 Test r2: 0.8873 	 Test Loss: 0.0055 	 Test MAE: 0.0451
Fold: 2 	 Test r2: 0.6175 	 Test Loss: 0.0217 	 Test MAE: 0.0607
Fold: 3 	 Test r2: 0.7969 	 Test Loss: 0.0112 	 Test MAE: 0.0587
Fold: 4 	 Test r2: 0.7379 	 Test Loss: 0.0102 	 Test MAE: 0.0609
Fold: 5 	 Test r2: 0.8617 	 Test Loss: 0.0047 	 Test MAE: 0.0444
Final avg. r2:  0.7802653177367622
Final avg. MSE: 0.01065259406007534
Final avg. MAE: 0.05398004485458946
R2: 0.7802653177367622 +- 0.0
MAE: 0.05398004485458946 +- 0.0
