Fold: 1 	 Test r2: 0.6662 	 Test Loss: 0.0255 	 Test MAE: 0.0646
Fold: 2 	 Test r2: 0.8780 	 Test Loss: 0.0044 	 Test MAE: 0.0449
Fold: 3 	 Test r2: 0.8002 	 Test Loss: 0.0080 	 Test MAE: 0.0578
Fold: 4 	 Test r2: 0.8599 	 Test Loss: 0.0063 	 Test MAE: 0.0521
Fold: 5 	 Test r2: 0.8951 	 Test Loss: 0.0035 	 Test MAE: 0.0363
Final avg. r2:  0.8198724334024943
Final avg. MSE: 0.009536317560055867
Final avg. MAE: 0.051148374322294986
R2: 0.8198724334024943 +- 0.0
MAE: 0.051148374322294986 +- 0.0
