Fold: 1 	 Test r2: 0.8388 	 Test Loss: 0.0069 	 Test MAE: 0.0577
Fold: 2 	 Test r2: 0.7437 	 Test Loss: 0.0211 	 Test MAE: 0.0558
Fold: 3 	 Test r2: 0.7234 	 Test Loss: 0.0101 	 Test MAE: 0.0550
Fold: 4 	 Test r2: 0.7834 	 Test Loss: 0.0061 	 Test MAE: 0.0392
Fold: 5 	 Test r2: 0.8334 	 Test Loss: 0.0066 	 Test MAE: 0.0465
Final avg. r2:  0.7845144825080904
Final avg. MSE: 0.010161108953571401
Final avg. MAE: 0.050819407025871635
R2: 0.7845144825080904 +- 0.0
MAE: 0.050819407025871635 +- 0.0
