Fold: 1 	 Test r2: 0.7843 	 Test Loss: 0.0067 	 Test MAE: 0.0394
Fold: 2 	 Test r2: 0.8968 	 Test Loss: 0.0054 	 Test MAE: 0.0464
Fold: 3 	 Test r2: 0.7444 	 Test Loss: 0.0186 	 Test MAE: 0.0639
Fold: 4 	 Test r2: 0.8094 	 Test Loss: 0.0076 	 Test MAE: 0.0514
Fold: 5 	 Test r2: 0.6997 	 Test Loss: 0.0116 	 Test MAE: 0.0698
Final avg. r2:  0.7869274677436019
Final avg. MSE: 0.009972709054376552
Final avg. MAE: 0.054187200948291894
R2: 0.7869274677436019 +- 0.0
MAE: 0.054187200948291894 +- 0.0
