Fold: 1 	 Test r2: 0.7731 	 Test Loss: 0.0092 	 Test MAE: 0.0516
Fold: 2 	 Test r2: 0.8286 	 Test Loss: 0.0083 	 Test MAE: 0.0478
Fold: 3 	 Test r2: 0.8450 	 Test Loss: 0.0065 	 Test MAE: 0.0401
Fold: 4 	 Test r2: 0.8846 	 Test Loss: 0.0050 	 Test MAE: 0.0492
Fold: 5 	 Test r2: 0.6309 	 Test Loss: 0.0223 	 Test MAE: 0.0640
Final avg. r2:  0.792434636883114
Final avg. MSE: 0.01026620619693143
Final avg. MAE: 0.050527634825810894
R2: 0.792434636883114 +- 0.0
MAE: 0.050527634825810894 +- 0.0
