Fold: 1 	 Test r2: 0.6720 	 Test Loss: 0.0245 	 Test MAE: 0.0688
Fold: 2 	 Test r2: 0.5333 	 Test Loss: 0.0153 	 Test MAE: 0.0638
Fold: 3 	 Test r2: 0.8369 	 Test Loss: 0.0099 	 Test MAE: 0.0521
Fold: 4 	 Test r2: 0.7221 	 Test Loss: 0.0073 	 Test MAE: 0.0582
Fold: 5 	 Test r2: 0.8932 	 Test Loss: 0.0039 	 Test MAE: 0.0443
Final avg. r2:  0.7314934466485481
Final avg. MSE: 0.012186922793936482
Final avg. MAE: 0.05745510091168844
R2: 0.7314934466485481 +- 0.0
MAE: 0.05745510091168844 +- 0.0
