Fold: 1 	 Test r2: 0.7957 	 Test Loss: 0.0093 	 Test MAE: 0.0611
Fold: 2 	 Test r2: 0.7221 	 Test Loss: 0.0085 	 Test MAE: 0.0573
Fold: 3 	 Test r2: 0.9104 	 Test Loss: 0.0047 	 Test MAE: 0.0422
Fold: 4 	 Test r2: 0.7647 	 Test Loss: 0.0145 	 Test MAE: 0.0556
Fold: 5 	 Test r2: 0.7691 	 Test Loss: 0.0100 	 Test MAE: 0.0559
Final avg. r2:  0.7923776029473837
Final avg. MSE: 0.00939946209499713
Final avg. MAE: 0.05440978805604232
R2: 0.7923776029473837 +- 0.0
MAE: 0.05440978805604232 +- 0.0
