Fold: 1 	 Test r2: 0.8700 	 Test Loss: 231.5596 	 Test MAE: 10.1235
Fold: 2 	 Test r2: 0.8257 	 Test Loss: 236.6860 	 Test MAE: 10.8743
Fold: 3 	 Test r2: 0.8277 	 Test Loss: 271.8091 	 Test MAE: 12.4217
Fold: 4 	 Test r2: 0.8750 	 Test Loss: 120.8997 	 Test MAE: 6.5771
Fold: 5 	 Test r2: 0.8177 	 Test Loss: 233.4834 	 Test MAE: 10.0322
Final avg. r2:  0.8432201728640223
Final avg. MSE: 218.88756665670388
Final avg. MAE: 10.005767827374594
R2: 0.8432201728640223 +- 0.0
MAE: 10.005767827374594 +- 0.0
