Fold: 1 	 Test r2: 0.9013 	 Test Loss: 125.1910 	 Test MAE: 7.4655
Fold: 2 	 Test r2: 0.8310 	 Test Loss: 205.9865 	 Test MAE: 10.4586
Fold: 3 	 Test r2: 0.8174 	 Test Loss: 171.4411 	 Test MAE: 8.7202
Fold: 4 	 Test r2: 0.9006 	 Test Loss: 216.2962 	 Test MAE: 9.6061
Fold: 5 	 Test r2: 0.9276 	 Test Loss: 102.2437 	 Test MAE: 8.1455
Final avg. r2:  0.8755644580024917
Final avg. MSE: 164.2316881853047
Final avg. MAE: 8.879164407366797
R2: 0.8755644580024917 +- 0.0
MAE: 8.879164407366797 +- 0.0
