Fold: 1 	 Test r2: 0.9065 	 Test Loss: 123.5585 	 Test MAE: 8.3534
Fold: 2 	 Test r2: 0.8174 	 Test Loss: 209.8499 	 Test MAE: 11.0057
Fold: 3 	 Test r2: 0.8715 	 Test Loss: 158.8149 	 Test MAE: 8.7807
Fold: 4 	 Test r2: 0.9181 	 Test Loss: 156.6536 	 Test MAE: 9.2025
Fold: 5 	 Test r2: 0.9446 	 Test Loss: 79.3074 	 Test MAE: 7.0500
Final avg. r2:  0.8916080454536305
Final avg. MSE: 145.63686463606408
Final avg. MAE: 8.878455036027091
R2: 0.8916080454536305 +- 0.0
MAE: 8.878455036027091 +- 0.0
