Fold: 1 	 Test r2: 0.7918 	 Test Loss: 350.3846 	 Test MAE: 11.5201
Fold: 2 	 Test r2: 0.9526 	 Test Loss: 70.9399 	 Test MAE: 5.9274
Fold: 3 	 Test r2: 0.9035 	 Test Loss: 127.1743 	 Test MAE: 6.8429
Fold: 4 	 Test r2: 0.8883 	 Test Loss: 129.2757 	 Test MAE: 9.4781
Fold: 5 	 Test r2: 0.8816 	 Test Loss: 168.2118 	 Test MAE: 8.1741
Final avg. r2:  0.8835659825575171
Final avg. MSE: 169.1972598489954
Final avg. MAE: 8.388520999465669
R2: 0.8835659825575171 +- 0.0
MAE: 8.388520999465669 +- 0.0
