Fold: 1 	 Test r2: 0.9043 	 Test Loss: 121.9396 	 Test MAE: 8.1394
Fold: 2 	 Test r2: 0.9176 	 Test Loss: 149.4450 	 Test MAE: 8.0832
Fold: 3 	 Test r2: 0.9206 	 Test Loss: 153.5200 	 Test MAE: 8.5317
Fold: 4 	 Test r2: 0.8938 	 Test Loss: 140.8716 	 Test MAE: 8.2693
Fold: 5 	 Test r2: 0.8886 	 Test Loss: 82.7365 	 Test MAE: 6.2980
Final avg. r2:  0.9049619873244673
Final avg. MSE: 129.70252777747902
Final avg. MAE: 7.864318032775605
R2: 0.9049619873244673 +- 0.0
MAE: 7.864318032775605 +- 0.0
