Fold: 1 	 Test r2: 0.8315 	 Test Loss: 229.3740 	 Test MAE: 11.1293
Fold: 2 	 Test r2: 0.8884 	 Test Loss: 164.7073 	 Test MAE: 9.5802
Fold: 3 	 Test r2: 0.8745 	 Test Loss: 216.0406 	 Test MAE: 10.7846
Fold: 4 	 Test r2: 0.8614 	 Test Loss: 221.1267 	 Test MAE: 8.8953
Fold: 5 	 Test r2: 0.7718 	 Test Loss: 218.2410 	 Test MAE: 10.2793
Final avg. r2:  0.8455309945137103
Final avg. MSE: 209.8979189118696
Final avg. MAE: 10.133733564331418
R2: 0.8455309945137103 +- 0.0
MAE: 10.133733564331418 +- 0.0
