Fold: 1 	 Test r2: 0.8924 	 Test Loss: 110.0213 	 Test MAE: 7.7780
Fold: 2 	 Test r2: 0.9470 	 Test Loss: 87.1318 	 Test MAE: 6.9361
Fold: 3 	 Test r2: 0.8731 	 Test Loss: 215.7748 	 Test MAE: 11.1911
Fold: 4 	 Test r2: 0.8889 	 Test Loss: 187.6430 	 Test MAE: 10.8988
Fold: 5 	 Test r2: 0.8395 	 Test Loss: 167.6318 	 Test MAE: 9.9570
Final avg. r2:  0.8881704211848781
Final avg. MSE: 153.6405321592679
Final avg. MAE: 9.352190286204928
R2: 0.8881704211848781 +- 0.0
MAE: 9.352190286204928 +- 0.0
