Fold: 1 	 Test r2: 0.8321 	 Test Loss: 247.3806 	 Test MAE: 11.0294
Fold: 2 	 Test r2: 0.7932 	 Test Loss: 332.1025 	 Test MAE: 14.1162
Fold: 3 	 Test r2: 0.9368 	 Test Loss: 64.3147 	 Test MAE: 5.9001
Fold: 4 	 Test r2: 0.9537 	 Test Loss: 72.2678 	 Test MAE: 6.5256
Fold: 5 	 Test r2: 0.8702 	 Test Loss: 165.3659 	 Test MAE: 10.0635
Final avg. r2:  0.8771986315064643
Final avg. MSE: 176.28628954348528
Final avg. MAE: 9.52695013497557
R2: 0.8771986315064643 +- 0.0
MAE: 9.52695013497557 +- 0.0
