Fold: 1 	 Test r2: 0.8036 	 Test Loss: 169.7697 	 Test MAE: 9.2058
Fold: 2 	 Test r2: 0.9101 	 Test Loss: 145.4950 	 Test MAE: 9.5268
Fold: 3 	 Test r2: 0.8372 	 Test Loss: 197.6587 	 Test MAE: 9.6550
Fold: 4 	 Test r2: 0.9060 	 Test Loss: 199.7158 	 Test MAE: 9.0698
Fold: 5 	 Test r2: 0.9372 	 Test Loss: 79.1018 	 Test MAE: 7.1182
Final avg. r2:  0.8788103502198854
Final avg. MSE: 158.3481844102639
Final avg. MAE: 8.915119452419734
R2: 0.8788103502198854 +- 0.0
MAE: 8.915119452419734 +- 0.0
