Fold: 1 	 Test r2: 0.9168 	 Test Loss: 97.7220 	 Test MAE: 7.9766
Fold: 2 	 Test r2: 0.8608 	 Test Loss: 189.0932 	 Test MAE: 9.8424
Fold: 3 	 Test r2: 0.8593 	 Test Loss: 192.1512 	 Test MAE: 10.7221
Fold: 4 	 Test r2: 0.9522 	 Test Loss: 89.0482 	 Test MAE: 6.6864
Fold: 5 	 Test r2: 0.9229 	 Test Loss: 96.3549 	 Test MAE: 7.7185
Final avg. r2:  0.9023805757959295
Final avg. MSE: 132.87389952054443
Final avg. MAE: 8.589182069046156
R2: 0.9023805757959295 +- 0.0
MAE: 8.589182069046156 +- 0.0
