Fold: 1 	 Test r2: 0.7875 	 Test Loss: 213.0549 	 Test MAE: 10.0895
Fold: 2 	 Test r2: 0.9118 	 Test Loss: 107.6794 	 Test MAE: 7.4036
Fold: 3 	 Test r2: 0.8803 	 Test Loss: 204.4136 	 Test MAE: 11.5152
Fold: 4 	 Test r2: 0.7432 	 Test Loss: 335.5457 	 Test MAE: 11.8762
Fold: 5 	 Test r2: 0.9335 	 Test Loss: 107.2069 	 Test MAE: 7.8279
Final avg. r2:  0.8512594646069802
Final avg. MSE: 193.58009431734848
Final avg. MAE: 9.74247340815408
R2: 0.8512594646069802 +- 0.0
MAE: 9.74247340815408 +- 0.0
