Fold: 1 	 Test r2: 0.8933 	 Test Loss: 148.8260 	 Test MAE: 9.3744
Fold: 2 	 Test r2: 0.8773 	 Test Loss: 130.4706 	 Test MAE: 8.7936
Fold: 3 	 Test r2: 0.9358 	 Test Loss: 82.5271 	 Test MAE: 7.2905
Fold: 4 	 Test r2: 0.8646 	 Test Loss: 246.6159 	 Test MAE: 11.2210
Fold: 5 	 Test r2: 0.8354 	 Test Loss: 244.5610 	 Test MAE: 10.1803
Final avg. r2:  0.8812876785958096
Final avg. MSE: 170.6001328670913
Final avg. MAE: 9.371965199425105
R2: 0.8812876785958096 +- 0.0
MAE: 9.371965199425105 +- 0.0
