Fold: 1 	 Test r2: 0.9466 	 Test Loss: 99.5966 	 Test MAE: 7.0692
Fold: 2 	 Test r2: 0.8963 	 Test Loss: 90.9741 	 Test MAE: 7.5031
Fold: 3 	 Test r2: 0.8830 	 Test Loss: 166.0817 	 Test MAE: 9.1491
Fold: 4 	 Test r2: 0.8389 	 Test Loss: 259.2327 	 Test MAE: 9.8919
Fold: 5 	 Test r2: 0.9269 	 Test Loss: 88.2106 	 Test MAE: 7.2360
Final avg. r2:  0.89834363812958
Final avg. MSE: 140.81915084174244
Final avg. MAE: 8.169832965527617
R2: 0.89834363812958 +- 0.0
MAE: 8.169832965527617 +- 0.0
