Fold: 1 	 Test r2: 0.7711 	 Test Loss: 362.8133 	 Test MAE: 13.8192
Fold: 2 	 Test r2: 0.8461 	 Test Loss: 238.7548 	 Test MAE: 9.8089
Fold: 3 	 Test r2: 0.8604 	 Test Loss: 249.4493 	 Test MAE: 10.4371
Fold: 4 	 Test r2: 0.7185 	 Test Loss: 241.3733 	 Test MAE: 12.9593
Fold: 5 	 Test r2: 0.9319 	 Test Loss: 90.9781 	 Test MAE: 7.5770
Final avg. r2:  0.8256106120523274
Final avg. MSE: 236.67377229865178
Final avg. MAE: 10.920298872675215
R2: 0.8256106120523274 +- 0.0
MAE: 10.920298872675215 +- 0.0
