Fold: 1 	 Test r2: 0.7597 	 Test Loss: 381.3541 	 Test MAE: 10.8104
Fold: 2 	 Test r2: 0.9247 	 Test Loss: 97.8894 	 Test MAE: 7.1250
Fold: 3 	 Test r2: 0.8366 	 Test Loss: 155.0712 	 Test MAE: 9.5151
Fold: 4 	 Test r2: 0.9040 	 Test Loss: 120.4118 	 Test MAE: 6.7984
Fold: 5 	 Test r2: 0.9444 	 Test Loss: 97.7179 	 Test MAE: 7.5739
Final avg. r2:  0.8738913712006855
Final avg. MSE: 170.4888955315993
Final avg. MAE: 8.364563270906606
R2: 0.8738913712006855 +- 0.0
MAE: 8.364563270906606 +- 0.0
