Fold: 1 	 Test r2: 0.8550 	 Test Loss: 210.8660 	 Test MAE: 11.1113
Fold: 2 	 Test r2: 0.7259 	 Test Loss: 291.0309 	 Test MAE: 13.5768
Fold: 3 	 Test r2: 0.8698 	 Test Loss: 229.0371 	 Test MAE: 9.9900
Fold: 4 	 Test r2: 0.9572 	 Test Loss: 55.8529 	 Test MAE: 6.2160
Fold: 5 	 Test r2: 0.9043 	 Test Loss: 139.3535 	 Test MAE: 8.0074
Final avg. r2:  0.8624368377735848
Final avg. MSE: 185.22809373346877
Final avg. MAE: 9.780303021839687
R2: 0.8624368377735848 +- 0.0
MAE: 9.780303021839687 +- 0.0
