Fold: 1 	 Test r2: 0.8601 	 Test Loss: 266.0464 	 Test MAE: 9.7218
Fold: 2 	 Test r2: 0.9113 	 Test Loss: 117.6623 	 Test MAE: 8.5082
Fold: 3 	 Test r2: 0.8791 	 Test Loss: 130.5948 	 Test MAE: 8.8336
Fold: 4 	 Test r2: 0.9097 	 Test Loss: 98.7997 	 Test MAE: 7.1634
Fold: 5 	 Test r2: 0.9255 	 Test Loss: 118.9738 	 Test MAE: 8.0540
Final avg. r2:  0.8971268672575011
Final avg. MSE: 146.41540709323985
Final avg. MAE: 8.45619700210435
R2: 0.8971268672575011 +- 0.0
MAE: 8.45619700210435 +- 0.0
