Fold: 1 	 Test r2: 0.9259 	 Test Loss: 87.7371 	 Test MAE: 7.3345
Fold: 2 	 Test r2: 0.9231 	 Test Loss: 103.4586 	 Test MAE: 7.7583
Fold: 3 	 Test r2: 0.8343 	 Test Loss: 215.3999 	 Test MAE: 10.9983
Fold: 4 	 Test r2: 0.8843 	 Test Loss: 217.4767 	 Test MAE: 9.9432
Fold: 5 	 Test r2: 0.8975 	 Test Loss: 132.0177 	 Test MAE: 7.5303
Final avg. r2:  0.8929998072265105
Final avg. MSE: 151.2180245279618
Final avg. MAE: 8.712912332443965
R2: 0.8929998072265105 +- 0.0
MAE: 8.712912332443965 +- 0.0
