Fold: 1 	 Test r2: 0.8411 	 Test Loss: 246.4562 	 Test MAE: 11.6903
Fold: 2 	 Test r2: 0.8273 	 Test Loss: 178.7651 	 Test MAE: 10.2552
Fold: 3 	 Test r2: 0.8505 	 Test Loss: 137.1634 	 Test MAE: 9.5337
Fold: 4 	 Test r2: 0.8989 	 Test Loss: 117.9386 	 Test MAE: 7.9491
Fold: 5 	 Test r2: 0.8797 	 Test Loss: 282.4649 	 Test MAE: 10.6172
Final avg. r2:  0.8594841614570654
Final avg. MSE: 192.5576403704942
Final avg. MAE: 10.009066234316146
R2: 0.8594841614570654 +- 0.0
MAE: 10.009066234316146 +- 0.0
