Fold: 1 	 Test r2: 0.8761 	 Test Loss: 169.4813 	 Test MAE: 9.9282
Fold: 2 	 Test r2: 0.8933 	 Test Loss: 132.6259 	 Test MAE: 8.5954
Fold: 3 	 Test r2: 0.7483 	 Test Loss: 303.7150 	 Test MAE: 11.7657
Fold: 4 	 Test r2: 0.8720 	 Test Loss: 290.9117 	 Test MAE: 10.8865
Fold: 5 	 Test r2: 0.8993 	 Test Loss: 98.4707 	 Test MAE: 7.0155
Final avg. r2:  0.8578040229856885
Final avg. MSE: 199.0409079958242
Final avg. MAE: 9.63824660664513
R2: 0.8578040229856885 +- 0.0
MAE: 9.63824660664513 +- 0.0
