Fold: 1 	 Test r2: 0.9316 	 Test Loss: 98.4496 	 Test MAE: 7.6638
Fold: 2 	 Test r2: 0.8717 	 Test Loss: 126.6781 	 Test MAE: 7.2834
Fold: 3 	 Test r2: 0.8470 	 Test Loss: 288.2801 	 Test MAE: 11.2103
Fold: 4 	 Test r2: 0.8882 	 Test Loss: 173.5541 	 Test MAE: 11.1444
Fold: 5 	 Test r2: 0.8437 	 Test Loss: 193.3947 	 Test MAE: 9.9209
Final avg. r2:  0.8764501872556352
Final avg. MSE: 176.07133081343778
Final avg. MAE: 9.44457509744735
R2: 0.8764501872556352 +- 0.0
MAE: 9.44457509744735 +- 0.0
