Fold: 1 	 Test r2: 0.9284 	 Test Loss: 82.9268 	 Test MAE: 7.0368
Fold: 2 	 Test r2: 0.8797 	 Test Loss: 153.6810 	 Test MAE: 8.5548
Fold: 3 	 Test r2: 0.8461 	 Test Loss: 146.1769 	 Test MAE: 9.2193
Fold: 4 	 Test r2: 0.8800 	 Test Loss: 223.4484 	 Test MAE: 8.5018
Fold: 5 	 Test r2: 0.9261 	 Test Loss: 124.2038 	 Test MAE: 8.4675
Final avg. r2:  0.8920600509668526
Final avg. MSE: 146.08738323743313
Final avg. MAE: 8.356042052486114
R2: 0.8920600509668526 +- 0.0
MAE: 8.356042052486114 +- 0.0
