Fold: 1 	 Test r2: 0.8343 	 Test Loss: 292.1694 	 Test MAE: 12.7793
Fold: 2 	 Test r2: 0.6909 	 Test Loss: 322.0548 	 Test MAE: 14.2671
Fold: 3 	 Test r2: 0.7887 	 Test Loss: 296.6191 	 Test MAE: 11.1861
Fold: 4 	 Test r2: 0.9568 	 Test Loss: 54.0793 	 Test MAE: 5.8095
Fold: 5 	 Test r2: 0.8994 	 Test Loss: 155.2421 	 Test MAE: 9.2723
Final avg. r2:  0.8340163920991011
Final avg. MSE: 224.0329548632788
Final avg. MAE: 10.662853761868815
R2: 0.8340163920991011 +- 0.0
MAE: 10.662853761868815 +- 0.0
