Fold: 1 	 Test r2: 0.9253 	 Test Loss: 106.0630 	 Test MAE: 8.5118
Fold: 2 	 Test r2: 0.8591 	 Test Loss: 292.0980 	 Test MAE: 11.6609
Fold: 3 	 Test r2: 0.9208 	 Test Loss: 106.1991 	 Test MAE: 8.0628
Fold: 4 	 Test r2: 0.7994 	 Test Loss: 224.7415 	 Test MAE: 11.2212
Fold: 5 	 Test r2: 0.8977 	 Test Loss: 106.6640 	 Test MAE: 8.2449
Final avg. r2:  0.8804696054530687
Final avg. MSE: 167.15310358408465
Final avg. MAE: 9.540319475105829
R2: 0.8804696054530687 +- 0.0
MAE: 9.540319475105829 +- 0.0
