Fold: 1 	 Test r2: 0.8549 	 Test Loss: 147.2798 	 Test MAE: 8.6341
Fold: 2 	 Test r2: 0.8891 	 Test Loss: 167.2098 	 Test MAE: 10.2618
Fold: 3 	 Test r2: 0.9371 	 Test Loss: 81.3069 	 Test MAE: 7.3208
Fold: 4 	 Test r2: 0.9205 	 Test Loss: 92.1786 	 Test MAE: 7.0368
Fold: 5 	 Test r2: 0.8465 	 Test Loss: 318.0126 	 Test MAE: 12.3522
Final avg. r2:  0.8896219605172757
Final avg. MSE: 161.19755441408066
Final avg. MAE: 9.121164341767628
R2: 0.8896219605172757 +- 0.0
MAE: 9.121164341767628 +- 0.0
