Fold: 1 	 Test r2: 0.9097 	 Test Loss: 106.8037 	 Test MAE: 7.5803
Fold: 2 	 Test r2: 0.8421 	 Test Loss: 173.0991 	 Test MAE: 8.0764
Fold: 3 	 Test r2: 0.8857 	 Test Loss: 159.6585 	 Test MAE: 9.1160
Fold: 4 	 Test r2: 0.8512 	 Test Loss: 358.6510 	 Test MAE: 11.6257
Fold: 5 	 Test r2: 0.8679 	 Test Loss: 126.3780 	 Test MAE: 8.3899
Final avg. r2:  0.871323809008642
Final avg. MSE: 184.918057312759
Final avg. MAE: 8.957645070552825
R2: 0.871323809008642 +- 0.0
MAE: 8.957645070552825 +- 0.0
