Fold: 1 	 Test r2: 0.8910 	 Test Loss: 169.0388 	 Test MAE: 9.6261
Fold: 2 	 Test r2: 0.8765 	 Test Loss: 190.3565 	 Test MAE: 9.5187
Fold: 3 	 Test r2: 0.8896 	 Test Loss: 135.7077 	 Test MAE: 7.6376
Fold: 4 	 Test r2: 0.9240 	 Test Loss: 147.0577 	 Test MAE: 8.9429
Fold: 5 	 Test r2: 0.6639 	 Test Loss: 223.6766 	 Test MAE: 10.2236
Final avg. r2:  0.8490066323700438
Final avg. MSE: 173.1674893715792
Final avg. MAE: 9.189762443587894
R2: 0.8490066323700438 +- 0.0
MAE: 9.189762443587894 +- 0.0
