Fold: 1 	 Test r2: 0.9268 	 Test Loss: 142.6010 	 Test MAE: 8.2537
Fold: 2 	 Test r2: 0.9060 	 Test Loss: 97.0728 	 Test MAE: 7.7779
Fold: 3 	 Test r2: 0.8507 	 Test Loss: 149.9321 	 Test MAE: 9.4865
Fold: 4 	 Test r2: 0.8949 	 Test Loss: 163.6687 	 Test MAE: 8.9908
Fold: 5 	 Test r2: 0.9197 	 Test Loss: 124.3940 	 Test MAE: 7.7580
Final avg. r2:  0.8996037582643795
Final avg. MSE: 135.5337143933926
Final avg. MAE: 8.45336458711397
R2: 0.8996037582643795 +- 0.0
MAE: 8.45336458711397 +- 0.0
