Fold: 1 	 Test r2: 0.9161 	 Test Loss: 108.8808 	 Test MAE: 7.7069
Fold: 2 	 Test r2: 0.9734 	 Test Loss: 55.6968 	 Test MAE: 5.1049
Fold: 3 	 Test r2: 0.8986 	 Test Loss: 126.8194 	 Test MAE: 7.8525
Fold: 4 	 Test r2: 0.7471 	 Test Loss: 207.3255 	 Test MAE: 10.1676
Fold: 5 	 Test r2: 0.8275 	 Test Loss: 281.4975 	 Test MAE: 13.5506
Final avg. r2:  0.8725329461437576
Final avg. MSE: 156.04397659978198
Final avg. MAE: 8.876493874050322
R2: 0.8725329461437576 +- 0.0
MAE: 8.876493874050322 +- 0.0
