Fold: 1 	 Test r2: 0.8864 	 Test Loss: 127.2700 	 Test MAE: 7.7853
Fold: 2 	 Test r2: 0.9124 	 Test Loss: 111.7144 	 Test MAE: 7.3442
Fold: 3 	 Test r2: 0.7423 	 Test Loss: 332.7752 	 Test MAE: 14.4442
Fold: 4 	 Test r2: 0.9058 	 Test Loss: 175.1122 	 Test MAE: 9.7429
Fold: 5 	 Test r2: 0.8724 	 Test Loss: 168.5942 	 Test MAE: 8.8503
Final avg. r2:  0.863852502889985
Final avg. MSE: 183.09320325955935
Final avg. MAE: 9.633381163222449
R2: 0.863852502889985 +- 0.0
MAE: 9.633381163222449 +- 0.0
