Fold: 1 	 Test r2: 0.8742 	 Test Loss: 142.7929 	 Test MAE: 8.5797
Fold: 2 	 Test r2: 0.8885 	 Test Loss: 158.6644 	 Test MAE: 10.4844
Fold: 3 	 Test r2: 0.8846 	 Test Loss: 144.7456 	 Test MAE: 9.2473
Fold: 4 	 Test r2: 0.9547 	 Test Loss: 64.8767 	 Test MAE: 6.1842
Fold: 5 	 Test r2: 0.9007 	 Test Loss: 158.3886 	 Test MAE: 8.3397
Final avg. r2:  0.900546563157248
Final avg. MSE: 133.89362817874195
Final avg. MAE: 8.567059543303083
R2: 0.900546563157248 +- 0.0
MAE: 8.567059543303083 +- 0.0
