Fold: 1 	 Test r2: 0.9193 	 Test Loss: 102.3394 	 Test MAE: 6.8574
Fold: 2 	 Test r2: 0.8909 	 Test Loss: 121.7684 	 Test MAE: 7.9448
Fold: 3 	 Test r2: 0.9068 	 Test Loss: 104.0097 	 Test MAE: 7.3836
Fold: 4 	 Test r2: 0.9315 	 Test Loss: 146.7965 	 Test MAE: 9.1840
Fold: 5 	 Test r2: 0.8660 	 Test Loss: 187.7017 	 Test MAE: 10.3447
Final avg. r2:  0.9028910250672842
Final avg. MSE: 132.52314567233526
Final avg. MAE: 8.34291545095898
R2: 0.9028910250672842 +- 0.0
MAE: 8.34291545095898 +- 0.0
