Fold: 1 	 Test r2: 0.9077 	 Test Loss: 127.5667 	 Test MAE: 8.1798
Fold: 2 	 Test r2: 0.8877 	 Test Loss: 152.9011 	 Test MAE: 10.1238
Fold: 3 	 Test r2: 0.8571 	 Test Loss: 173.5586 	 Test MAE: 10.8550
Fold: 4 	 Test r2: 0.8583 	 Test Loss: 195.1177 	 Test MAE: 8.6789
Fold: 5 	 Test r2: 0.8139 	 Test Loss: 323.8443 	 Test MAE: 11.1370
Final avg. r2:  0.8649348083360262
Final avg. MSE: 194.59770329331658
Final avg. MAE: 9.79490595488321
R2: 0.8649348083360262 +- 0.0
MAE: 9.79490595488321 +- 0.0
