Fold: 1 	 Test r2: 0.9381 	 Test Loss: 104.5131 	 Test MAE: 8.4320
Fold: 2 	 Test r2: 0.6952 	 Test Loss: 342.8881 	 Test MAE: 14.0201
Fold: 3 	 Test r2: 0.8209 	 Test Loss: 320.2246 	 Test MAE: 10.5875
Fold: 4 	 Test r2: 0.9289 	 Test Loss: 103.5666 	 Test MAE: 7.7308
Fold: 5 	 Test r2: 0.8540 	 Test Loss: 150.8383 	 Test MAE: 8.0427
Final avg. r2:  0.8474186444930039
Final avg. MSE: 204.40613648758455
Final avg. MAE: 9.762618411580721
R2: 0.8474186444930039 +- 0.0
MAE: 9.762618411580721 +- 0.0
