Fold: 1 	 Test r2: 0.8844 	 Test Loss: 151.1943 	 Test MAE: 9.4077
Fold: 2 	 Test r2: 0.8772 	 Test Loss: 193.4161 	 Test MAE: 9.1123
Fold: 3 	 Test r2: 0.8688 	 Test Loss: 145.1763 	 Test MAE: 9.8372
Fold: 4 	 Test r2: 0.8816 	 Test Loss: 105.7278 	 Test MAE: 7.1303
Fold: 5 	 Test r2: 0.8216 	 Test Loss: 383.3575 	 Test MAE: 11.8123
Final avg. r2:  0.8667210814585168
Final avg. MSE: 195.77439410153607
Final avg. MAE: 9.459970322677068
R2: 0.8667210814585168 +- 0.0
MAE: 9.459970322677068 +- 0.0
