Fold: 1 	 Test r2: 0.7942 	 Test Loss: 253.7149 	 Test MAE: 9.8775
Fold: 2 	 Test r2: 0.8482 	 Test Loss: 226.0515 	 Test MAE: 11.8558
Fold: 3 	 Test r2: 0.8337 	 Test Loss: 267.6773 	 Test MAE: 13.0114
Fold: 4 	 Test r2: 0.8354 	 Test Loss: 244.7856 	 Test MAE: 10.6307
Fold: 5 	 Test r2: 0.8964 	 Test Loss: 134.1040 	 Test MAE: 8.4837
Final avg. r2:  0.8415811514920899
Final avg. MSE: 225.26665688539907
Final avg. MAE: 10.771800944351014
R2: 0.8415811514920899 +- 0.0
MAE: 10.771800944351014 +- 0.0
