Fold: 1 	 Test r2: 0.8950 	 Test Loss: 140.3328 	 Test MAE: 7.8232
Fold: 2 	 Test r2: 0.9140 	 Test Loss: 134.8364 	 Test MAE: 7.6526
Fold: 3 	 Test r2: 0.8303 	 Test Loss: 108.6661 	 Test MAE: 8.1951
Fold: 4 	 Test r2: 0.9109 	 Test Loss: 183.6775 	 Test MAE: 10.4114
Fold: 5 	 Test r2: 0.9120 	 Test Loss: 115.0498 	 Test MAE: 8.1912
Final avg. r2:  0.8924603010771517
Final avg. MSE: 136.51249063517577
Final avg. MAE: 8.454700140725999
R2: 0.8924603010771517 +- 0.0
MAE: 8.454700140725999 +- 0.0
