Fold: 1 	 Test r2: 0.7987 	 Test Loss: 294.5401 	 Test MAE: 10.4426
Fold: 2 	 Test r2: 0.8765 	 Test Loss: 207.8219 	 Test MAE: 11.1714
Fold: 3 	 Test r2: 0.9185 	 Test Loss: 111.3223 	 Test MAE: 7.1862
Fold: 4 	 Test r2: 0.7452 	 Test Loss: 278.8416 	 Test MAE: 10.7125
Fold: 5 	 Test r2: 0.8612 	 Test Loss: 196.6703 	 Test MAE: 10.3405
Final avg. r2:  0.840011863758422
Final avg. MSE: 217.8392487220298
Final avg. MAE: 9.970643858114878
R2: 0.840011863758422 +- 0.0
MAE: 9.970643858114878 +- 0.0
