Fold: 1 	 Test r2: 0.8864 	 Test Loss: 212.7689 	 Test MAE: 10.5876
Fold: 2 	 Test r2: 0.9346 	 Test Loss: 78.5592 	 Test MAE: 6.6622
Fold: 3 	 Test r2: 0.8569 	 Test Loss: 176.9255 	 Test MAE: 10.0262
Fold: 4 	 Test r2: 0.8641 	 Test Loss: 217.4021 	 Test MAE: 9.5093
Fold: 5 	 Test r2: 0.8313 	 Test Loss: 189.3946 	 Test MAE: 11.2585
Final avg. r2:  0.8746690757838351
Final avg. MSE: 175.01004051791972
Final avg. MAE: 9.608766307149613
R2: 0.8746690757838351 +- 0.0
MAE: 9.608766307149613 +- 0.0
