Fold: 1 	 Test r2: 0.8503 	 Test Loss: 228.1373 	 Test MAE: 9.8815
Fold: 2 	 Test r2: 0.8847 	 Test Loss: 107.1880 	 Test MAE: 7.9114
Fold: 3 	 Test r2: 0.8432 	 Test Loss: 214.3431 	 Test MAE: 10.1775
Fold: 4 	 Test r2: 0.9277 	 Test Loss: 116.0005 	 Test MAE: 7.4278
Fold: 5 	 Test r2: 0.8722 	 Test Loss: 195.9825 	 Test MAE: 9.3458
Final avg. r2:  0.8756311955792556
Final avg. MSE: 172.33026913225262
Final avg. MAE: 8.948776516460237
R2: 0.8756311955792556 +- 0.0
MAE: 8.948776516460237 +- 0.0
