Fold: 1 	 Test r2: 0.9073 	 Test Loss: 112.4656 	 Test MAE: 7.3026
Fold: 2 	 Test r2: 0.8543 	 Test Loss: 212.9876 	 Test MAE: 10.8206
Fold: 3 	 Test r2: 0.8811 	 Test Loss: 201.8349 	 Test MAE: 9.4043
Fold: 4 	 Test r2: 0.8632 	 Test Loss: 170.3515 	 Test MAE: 9.0075
Fold: 5 	 Test r2: 0.9356 	 Test Loss: 88.0775 	 Test MAE: 6.9044
Final avg. r2:  0.8882765783966656
Final avg. MSE: 157.14344995051798
Final avg. MAE: 8.687865236259642
R2: 0.8882765783966656 +- 0.0
MAE: 8.687865236259642 +- 0.0
