Fold: 1 	 Test r2: 0.9455 	 Test Loss: 62.6093 	 Test MAE: 6.3499
Fold: 2 	 Test r2: 0.8684 	 Test Loss: 201.4076 	 Test MAE: 9.2433
Fold: 3 	 Test r2: 0.8922 	 Test Loss: 187.2420 	 Test MAE: 9.7783
Fold: 4 	 Test r2: 0.9584 	 Test Loss: 57.8062 	 Test MAE: 6.0463
Fold: 5 	 Test r2: 0.9210 	 Test Loss: 100.5712 	 Test MAE: 7.4672
Final avg. r2:  0.9170773874978861
Final avg. MSE: 121.92725506445886
Final avg. MAE: 7.7770037128811795
R2: 0.9170773874978861 +- 0.0
MAE: 7.7770037128811795 +- 0.0
