Fold: 1 	 Test r2: 0.9419 	 Test Loss: 82.0686 	 Test MAE: 7.5789
Fold: 2 	 Test r2: 0.8418 	 Test Loss: 284.3144 	 Test MAE: 10.8075
Fold: 3 	 Test r2: 0.8680 	 Test Loss: 149.6599 	 Test MAE: 8.6913
Fold: 4 	 Test r2: 0.8099 	 Test Loss: 304.8001 	 Test MAE: 11.2964
Fold: 5 	 Test r2: 0.8756 	 Test Loss: 129.4004 	 Test MAE: 8.7584
Final avg. r2:  0.8674201105936206
Final avg. MSE: 190.04867961405856
Final avg. MAE: 9.426495686031524
R2: 0.8674201105936206 +- 0.0
MAE: 9.426495686031524 +- 0.0
