Fold: 1 	 Test r2: 0.9314 	 Test Loss: 95.5028 	 Test MAE: 7.5684
Fold: 2 	 Test r2: 0.9109 	 Test Loss: 129.6052 	 Test MAE: 8.4795
Fold: 3 	 Test r2: 0.7991 	 Test Loss: 168.3347 	 Test MAE: 8.8922
Fold: 4 	 Test r2: 0.9222 	 Test Loss: 94.7452 	 Test MAE: 7.4813
Fold: 5 	 Test r2: 0.8166 	 Test Loss: 390.6495 	 Test MAE: 10.7358
Final avg. r2:  0.876015689821364
Final avg. MSE: 175.76748479532256
Final avg. MAE: 8.631425662835438
R2: 0.876015689821364 +- 0.0
MAE: 8.631425662835438 +- 0.0
