Fold: 1 	 Test r2: 0.8691 	 Test Loss: 181.2611 	 Test MAE: 7.7896
Fold: 2 	 Test r2: 0.7447 	 Test Loss: 285.6402 	 Test MAE: 12.0549
Fold: 3 	 Test r2: 0.8722 	 Test Loss: 165.2716 	 Test MAE: 8.9578
Fold: 4 	 Test r2: 0.9262 	 Test Loss: 106.1558 	 Test MAE: 7.5924
Fold: 5 	 Test r2: 0.9752 	 Test Loss: 39.5592 	 Test MAE: 5.0787
Final avg. r2:  0.8774602345505811
Final avg. MSE: 155.57756486587522
Final avg. MAE: 8.294695730436416
R2: 0.8774602345505811 +- 0.0
MAE: 8.294695730436416 +- 0.0
