Fold: 1 	 Test r2: 0.8790 	 Test Loss: 203.1381 	 Test MAE: 8.1889
Fold: 2 	 Test r2: 0.8180 	 Test Loss: 181.5673 	 Test MAE: 10.2119
Fold: 3 	 Test r2: 0.7700 	 Test Loss: 362.7250 	 Test MAE: 13.0046
Fold: 4 	 Test r2: 0.8607 	 Test Loss: 157.8903 	 Test MAE: 8.6595
Fold: 5 	 Test r2: 0.9316 	 Test Loss: 97.2916 	 Test MAE: 6.2194
Final avg. r2:  0.8518807350606087
Final avg. MSE: 200.52245883901878
Final avg. MAE: 9.256857685389972
R2: 0.8518807350606087 +- 0.0
MAE: 9.256857685389972 +- 0.0
