Fold: 1 	 Test r2: 0.9089 	 Test Loss: 143.9596 	 Test MAE: 8.2988
Fold: 2 	 Test r2: 0.9295 	 Test Loss: 105.4640 	 Test MAE: 7.0987
Fold: 3 	 Test r2: 0.7772 	 Test Loss: 250.8982 	 Test MAE: 10.7946
Fold: 4 	 Test r2: 0.9288 	 Test Loss: 100.7559 	 Test MAE: 7.4266
Fold: 5 	 Test r2: 0.8416 	 Test Loss: 228.1737 	 Test MAE: 9.5131
Final avg. r2:  0.8771862530653578
Final avg. MSE: 165.85027409253505
Final avg. MAE: 8.626364714191073
R2: 0.8771862530653578 +- 0.0
MAE: 8.626364714191073 +- 0.0
