Fold: 1 	 Test r2: 0.8848 	 Test Loss: 183.9998 	 Test MAE: 8.6106
Fold: 2 	 Test r2: 0.8663 	 Test Loss: 157.9167 	 Test MAE: 8.8410
Fold: 3 	 Test r2: 0.8793 	 Test Loss: 218.7266 	 Test MAE: 9.9226
Fold: 4 	 Test r2: 0.9421 	 Test Loss: 89.2138 	 Test MAE: 7.1947
Fold: 5 	 Test r2: 0.8530 	 Test Loss: 138.0916 	 Test MAE: 8.5630
Final avg. r2:  0.885105692423549
Final avg. MSE: 157.58969189080344
Final avg. MAE: 8.626366207713172
R2: 0.885105692423549 +- 0.0
MAE: 8.626366207713172 +- 0.0
