Fold: 1 	 Test r2: 0.8338 	 Test Loss: 151.9780 	 Test MAE: 7.9664
Fold: 2 	 Test r2: 0.8554 	 Test Loss: 218.2605 	 Test MAE: 10.5068
Fold: 3 	 Test r2: 0.9408 	 Test Loss: 79.5905 	 Test MAE: 6.8113
Fold: 4 	 Test r2: 0.9237 	 Test Loss: 194.4569 	 Test MAE: 10.7221
Fold: 5 	 Test r2: 0.8689 	 Test Loss: 101.3061 	 Test MAE: 7.6263
Final avg. r2:  0.8845412943560145
Final avg. MSE: 149.11839019352988
Final avg. MAE: 8.726598042817344
R2: 0.8845412943560145 +- 0.0
MAE: 8.726598042817344 +- 0.0
