Fold: 1 	 Test r2: 0.8992 	 Test Loss: 152.7910 	 Test MAE: 8.6529
Fold: 2 	 Test r2: 0.8882 	 Test Loss: 209.2479 	 Test MAE: 11.1891
Fold: 3 	 Test r2: 0.6661 	 Test Loss: 529.0690 	 Test MAE: 12.8058
Fold: 4 	 Test r2: 0.7485 	 Test Loss: 240.5117 	 Test MAE: 10.7617
Fold: 5 	 Test r2: 0.9336 	 Test Loss: 77.9274 	 Test MAE: 7.0994
Final avg. r2:  0.8271233541701786
Final avg. MSE: 241.90940484318276
Final avg. MAE: 10.101768685522533
R2: 0.8271233541701786 +- 0.0
MAE: 10.101768685522533 +- 0.0
