Fold: 1 	 Test r2: 0.7877 	 Test Loss: 279.5728 	 Test MAE: 11.0886
Fold: 2 	 Test r2: 0.8885 	 Test Loss: 133.0359 	 Test MAE: 8.6102
Fold: 3 	 Test r2: 0.8368 	 Test Loss: 299.7073 	 Test MAE: 10.3462
Fold: 4 	 Test r2: 0.9091 	 Test Loss: 162.4077 	 Test MAE: 7.9368
Fold: 5 	 Test r2: 0.6341 	 Test Loss: 313.1986 	 Test MAE: 12.6711
Final avg. r2:  0.8112413554372025
Final avg. MSE: 237.58444245350194
Final avg. MAE: 10.130572358767193
R2: 0.8112413554372025 +- 0.0
MAE: 10.130572358767193 +- 0.0
