Fold: 1 	 Test r2: 0.7528 	 Test Loss: 260.8107 	 Test MAE: 11.7239
Fold: 2 	 Test r2: 0.8532 	 Test Loss: 270.9829 	 Test MAE: 9.8065
Fold: 3 	 Test r2: 0.8340 	 Test Loss: 216.9049 	 Test MAE: 10.4268
Fold: 4 	 Test r2: 0.7030 	 Test Loss: 349.3691 	 Test MAE: 12.2002
Fold: 5 	 Test r2: 0.9270 	 Test Loss: 122.3067 	 Test MAE: 8.0002
Final avg. r2:  0.8140158154976262
Final avg. MSE: 244.07485849665176
Final avg. MAE: 10.431526642328217
R2: 0.8140158154976262 +- 0.0
MAE: 10.431526642328217 +- 0.0
