Fold: 1 	 Test r2: 0.9154 	 Test Loss: 136.1171 	 Test MAE: 8.0382
Fold: 2 	 Test r2: 0.7846 	 Test Loss: 336.9047 	 Test MAE: 13.3277
Fold: 3 	 Test r2: 0.9241 	 Test Loss: 102.2546 	 Test MAE: 7.1314
Fold: 4 	 Test r2: 0.8963 	 Test Loss: 137.0916 	 Test MAE: 7.9182
Fold: 5 	 Test r2: 0.8491 	 Test Loss: 173.4876 	 Test MAE: 9.9712
Final avg. r2:  0.8739081288112324
Final avg. MSE: 177.17111052924994
Final avg. MAE: 9.277301170144762
R2: 0.8739081288112324 +- 0.0
MAE: 9.277301170144762 +- 0.0
