Fold: 1 	 Test r2: 0.8052 	 Test Loss: 241.8020 	 Test MAE: 11.4764
Fold: 2 	 Test r2: 0.8096 	 Test Loss: 211.8266 	 Test MAE: 9.5152
Fold: 3 	 Test r2: 0.8414 	 Test Loss: 311.1855 	 Test MAE: 12.5123
Fold: 4 	 Test r2: 0.8888 	 Test Loss: 129.4642 	 Test MAE: 8.3406
Fold: 5 	 Test r2: 0.8950 	 Test Loss: 170.3549 	 Test MAE: 10.0905
Final avg. r2:  0.8480189642018414
Final avg. MSE: 212.92663962089887
Final avg. MAE: 10.386989456131344
R2: 0.8480189642018414 +- 0.0
MAE: 10.386989456131344 +- 0.0
