Fold: 1 	 Test r2: 0.8229 	 Test Loss: 240.7277 	 Test MAE: 10.0513
Fold: 2 	 Test r2: 0.8627 	 Test Loss: 221.8397 	 Test MAE: 10.2660
Fold: 3 	 Test r2: 0.6607 	 Test Loss: 219.0533 	 Test MAE: 10.6994
Fold: 4 	 Test r2: 0.9136 	 Test Loss: 169.6271 	 Test MAE: 10.0642
Fold: 5 	 Test r2: 0.8781 	 Test Loss: 175.0861 	 Test MAE: 9.5663
Final avg. r2:  0.8275911617362632
Final avg. MSE: 205.26676564282124
Final avg. MAE: 10.129462513753346
R2: 0.8275911617362632 +- 0.0
MAE: 10.129462513753346 +- 0.0
