Fold: 1 	 Test r2: 0.9218 	 Test Loss: 114.0140 	 Test MAE: 7.6465
Fold: 2 	 Test r2: 0.8868 	 Test Loss: 168.0103 	 Test MAE: 10.2335
Fold: 3 	 Test r2: 0.8315 	 Test Loss: 349.6064 	 Test MAE: 11.8968
Fold: 4 	 Test r2: 0.6313 	 Test Loss: 232.3217 	 Test MAE: 12.2294
Fold: 5 	 Test r2: 0.8149 	 Test Loss: 225.2951 	 Test MAE: 11.9353
Final avg. r2:  0.8172577652480196
Final avg. MSE: 217.84949472356942
Final avg. MAE: 10.788289391994477
R2: 0.8172577652480196 +- 0.0
MAE: 10.788289391994477 +- 0.0
