Fold: 1 	 Test r2: 0.7353 	 Test Loss: 287.2808 	 Test MAE: 10.1321
Fold: 2 	 Test r2: 0.9103 	 Test Loss: 137.8974 	 Test MAE: 9.1335
Fold: 3 	 Test r2: 0.7893 	 Test Loss: 336.3466 	 Test MAE: 12.9093
Fold: 4 	 Test r2: 0.8888 	 Test Loss: 143.5538 	 Test MAE: 9.1797
Fold: 5 	 Test r2: 0.9164 	 Test Loss: 125.7104 	 Test MAE: 8.9712
Final avg. r2:  0.8480310563001063
Final avg. MSE: 206.15779668904278
Final avg. MAE: 10.065167857529152
R2: 0.8480310563001063 +- 0.0
MAE: 10.065167857529152 +- 0.0
