Fold: 1 	 Test r2: 0.7362 	 Test Loss: 250.7740 	 Test MAE: 10.1349
Fold: 2 	 Test r2: 0.7204 	 Test Loss: 569.3260 	 Test MAE: 13.7389
Fold: 3 	 Test r2: 0.8048 	 Test Loss: 262.3948 	 Test MAE: 13.1581
Fold: 4 	 Test r2: 0.9027 	 Test Loss: 131.2140 	 Test MAE: 8.6690
Fold: 5 	 Test r2: 0.8760 	 Test Loss: 173.5570 	 Test MAE: 9.6375
Final avg. r2:  0.8080216029834869
Final avg. MSE: 277.45317825487234
Final avg. MAE: 11.06768521524611
R2: 0.8080216029834869 +- 0.0
MAE: 11.06768521524611 +- 0.0
