Fold: 1 	 Test r2: 0.7514 	 Test Loss: 355.7080 	 Test MAE: 13.3325
Fold: 2 	 Test r2: 0.8269 	 Test Loss: 234.8450 	 Test MAE: 10.7348
Fold: 3 	 Test r2: 0.9401 	 Test Loss: 108.0076 	 Test MAE: 6.9636
Fold: 4 	 Test r2: 0.8511 	 Test Loss: 166.1072 	 Test MAE: 8.7566
Fold: 5 	 Test r2: 0.7992 	 Test Loss: 260.4585 	 Test MAE: 10.7741
Final avg. r2:  0.8337525210960471
Final avg. MSE: 225.02527852562116
Final avg. MAE: 10.112316921424298
R2: 0.8337525210960471 +- 0.0
MAE: 10.112316921424298 +- 0.0
