Fold: 1 	 Test r2: 0.8523 	 Test Loss: 207.5569 	 Test MAE: 8.6605
Fold: 2 	 Test r2: 0.9360 	 Test Loss: 98.8340 	 Test MAE: 7.7461
Fold: 3 	 Test r2: 0.8612 	 Test Loss: 158.8933 	 Test MAE: 9.2123
Fold: 4 	 Test r2: 0.8953 	 Test Loss: 106.2973 	 Test MAE: 6.0767
Fold: 5 	 Test r2: 0.8976 	 Test Loss: 167.1042 	 Test MAE: 8.8442
Final avg. r2:  0.8884873559696226
Final avg. MSE: 147.73712148641985
Final avg. MAE: 8.107974713189261
R2: 0.8884873559696226 +- 0.0
MAE: 8.107974713189261 +- 0.0
