Fold: 1 	 Test r2: 0.8234 	 Test Loss: 297.4610 	 Test MAE: 11.6612
Fold: 2 	 Test r2: 0.8898 	 Test Loss: 171.8181 	 Test MAE: 8.4436
Fold: 3 	 Test r2: 0.9061 	 Test Loss: 130.2975 	 Test MAE: 9.0132
Fold: 4 	 Test r2: 0.7800 	 Test Loss: 220.5287 	 Test MAE: 10.4261
Fold: 5 	 Test r2: 0.8910 	 Test Loss: 151.4090 	 Test MAE: 8.7470
Final avg. r2:  0.8580557612191404
Final avg. MSE: 194.30284904170065
Final avg. MAE: 9.658188924051467
R2: 0.8580557612191404 +- 0.0
MAE: 9.658188924051467 +- 0.0
