Fold: 1 	 Test r2: 0.8315 	 Test Loss: 221.7218 	 Test MAE: 10.4682
Fold: 2 	 Test r2: 0.9331 	 Test Loss: 85.3070 	 Test MAE: 7.2553
Fold: 3 	 Test r2: 0.9230 	 Test Loss: 118.6255 	 Test MAE: 7.5337
Fold: 4 	 Test r2: 0.8490 	 Test Loss: 280.7274 	 Test MAE: 11.9887
Fold: 5 	 Test r2: 0.8901 	 Test Loss: 118.2887 	 Test MAE: 6.9330
Final avg. r2:  0.8853416384122978
Final avg. MSE: 164.9340893195133
Final avg. MAE: 8.835806914738246
R2: 0.8853416384122978 +- 0.0
MAE: 8.835806914738246 +- 0.0
