Fold: 1 	 Test r2: 0.8852 	 Test Loss: 130.2466 	 Test MAE: 8.7400
Fold: 2 	 Test r2: 0.8934 	 Test Loss: 128.1663 	 Test MAE: 7.9697
Fold: 3 	 Test r2: 0.9372 	 Test Loss: 124.4694 	 Test MAE: 7.8257
Fold: 4 	 Test r2: 0.8479 	 Test Loss: 213.2218 	 Test MAE: 10.6182
Fold: 5 	 Test r2: 0.9226 	 Test Loss: 91.9846 	 Test MAE: 7.0343
Final avg. r2:  0.8972504450859093
Final avg. MSE: 137.61773037353413
Final avg. MAE: 8.437558170727321
R2: 0.8972504450859093 +- 0.0
MAE: 8.437558170727321 +- 0.0
