Fold: 1 	 Test r2: 0.8904 	 Test Loss: 123.5680 	 Test MAE: 7.5841
Fold: 2 	 Test r2: 0.9060 	 Test Loss: 135.1167 	 Test MAE: 8.5209
Fold: 3 	 Test r2: 0.7201 	 Test Loss: 359.3317 	 Test MAE: 15.6839
Fold: 4 	 Test r2: 0.9323 	 Test Loss: 116.4129 	 Test MAE: 8.0726
Fold: 5 	 Test r2: 0.8390 	 Test Loss: 231.4992 	 Test MAE: 9.7128
Final avg. r2:  0.8575671022447485
Final avg. MSE: 193.1857085704509
Final avg. MAE: 9.914874434400172
R2: 0.8575671022447485 +- 0.0
MAE: 9.914874434400172 +- 0.0
