Fold: 1 	 Test r2: 0.9091 	 Test Loss: 105.3285 	 Test MAE: 7.4381
Fold: 2 	 Test r2: 0.7184 	 Test Loss: 310.7983 	 Test MAE: 12.7055
Fold: 3 	 Test r2: 0.8146 	 Test Loss: 257.3714 	 Test MAE: 10.9412
Fold: 4 	 Test r2: 0.8642 	 Test Loss: 191.5045 	 Test MAE: 8.2644
Fold: 5 	 Test r2: 0.9188 	 Test Loss: 164.4026 	 Test MAE: 8.4888
Final avg. r2:  0.8450106203716704
Final avg. MSE: 205.88108145708347
Final avg. MAE: 9.567584805261522
R2: 0.8450106203716704 +- 0.0
MAE: 9.567584805261522 +- 0.0
