Fold: 1 	 Test r2: 0.9169 	 Test Loss: 133.0366 	 Test MAE: 7.6171
Fold: 2 	 Test r2: 0.8329 	 Test Loss: 232.3994 	 Test MAE: 11.0236
Fold: 3 	 Test r2: 0.8994 	 Test Loss: 101.0395 	 Test MAE: 7.6082
Fold: 4 	 Test r2: 0.8099 	 Test Loss: 213.9265 	 Test MAE: 10.5291
Fold: 5 	 Test r2: 0.5301 	 Test Loss: 881.6724 	 Test MAE: 20.1612
Final avg. r2:  0.7978603696852903
Final avg. MSE: 312.41488379362835
Final avg. MAE: 11.387824237204732
R2: 0.7978603696852903 +- 0.0
MAE: 11.387824237204732 +- 0.0
