Fold: 1 	 Test r2: 0.8093 	 Test Loss: 173.6361 	 Test MAE: 9.6373
Fold: 2 	 Test r2: 0.9145 	 Test Loss: 184.6477 	 Test MAE: 9.2421
Fold: 3 	 Test r2: 0.8191 	 Test Loss: 258.6737 	 Test MAE: 12.1412
Fold: 4 	 Test r2: 0.8085 	 Test Loss: 273.7940 	 Test MAE: 11.7792
Fold: 5 	 Test r2: 0.8309 	 Test Loss: 183.7102 	 Test MAE: 10.0570
Final avg. r2:  0.8364603091362334
Final avg. MSE: 214.89232738716197
Final avg. MAE: 10.571343051819573
R2: 0.8364603091362334 +- 0.0
MAE: 10.571343051819573 +- 0.0
