Fold: 1 	 Test r2: 0.8448 	 Test Loss: 165.1303 	 Test MAE: 8.8519
Fold: 2 	 Test r2: 0.8249 	 Test Loss: 240.9681 	 Test MAE: 11.4513
Fold: 3 	 Test r2: 0.8864 	 Test Loss: 236.3180 	 Test MAE: 9.1684
Fold: 4 	 Test r2: 0.8870 	 Test Loss: 189.4621 	 Test MAE: 10.1503
Fold: 5 	 Test r2: 0.4820 	 Test Loss: 458.2735 	 Test MAE: 12.1746
Final avg. r2:  0.7850071573468762
Final avg. MSE: 258.0304419642795
Final avg. MAE: 10.35933047987166
R2: 0.7850071573468762 +- 0.0
MAE: 10.35933047987166 +- 0.0
