Fold: 1 	 Test r2: 0.9057 	 Test Loss: 189.6031 	 Test MAE: 9.4082
Fold: 2 	 Test r2: 0.8504 	 Test Loss: 152.4056 	 Test MAE: 9.4246
Fold: 3 	 Test r2: 0.7891 	 Test Loss: 313.3226 	 Test MAE: 10.4475
Fold: 4 	 Test r2: 0.4129 	 Test Loss: 575.1053 	 Test MAE: 13.6474
Fold: 5 	 Test r2: 0.9354 	 Test Loss: 95.9514 	 Test MAE: 7.3302
Final avg. r2:  0.7786837573515679
Final avg. MSE: 265.27758914608023
Final avg. MAE: 10.051565860708553
R2: 0.7786837573515679 +- 0.0
MAE: 10.051565860708553 +- 0.0
