Fold: 1 	 Test r2: 0.6368 	 Test Loss: 472.8699 	 Test MAE: 12.2677
Fold: 2 	 Test r2: 0.8821 	 Test Loss: 151.4822 	 Test MAE: 7.6437
Fold: 3 	 Test r2: 0.7971 	 Test Loss: 261.6432 	 Test MAE: 10.6651
Fold: 4 	 Test r2: 0.8886 	 Test Loss: 194.6131 	 Test MAE: 10.4698
Fold: 5 	 Test r2: 0.7765 	 Test Loss: 316.6153 	 Test MAE: 10.5803
Final avg. r2:  0.7962074511246209
Final avg. MSE: 279.4447274297062
Final avg. MAE: 10.32532280598368
R2: 0.7962074511246209 +- 0.0
MAE: 10.32532280598368 +- 0.0
