Fold: 1 	 Test r2: 0.8277 	 Test Loss: 214.6500 	 Test MAE: 9.6834
Fold: 2 	 Test r2: 0.7771 	 Test Loss: 465.9627 	 Test MAE: 14.6016
Fold: 3 	 Test r2: 0.8503 	 Test Loss: 212.5547 	 Test MAE: 11.0848
Fold: 4 	 Test r2: 0.8550 	 Test Loss: 139.9965 	 Test MAE: 8.7966
Fold: 5 	 Test r2: 0.7705 	 Test Loss: 317.9564 	 Test MAE: 13.1194
Final avg. r2:  0.8161225976311876
Final avg. MSE: 270.22407011516657
Final avg. MAE: 11.45715196643557
R2: 0.8161225976311876 +- 0.0
MAE: 11.45715196643557 +- 0.0
