Fold: 1 	 Test r2: 0.7437 	 Test Loss: 352.6359 	 Test MAE: 11.4288
Fold: 2 	 Test r2: 0.8722 	 Test Loss: 246.3067 	 Test MAE: 9.7984
Fold: 3 	 Test r2: 0.9413 	 Test Loss: 81.1144 	 Test MAE: 6.7206
Fold: 4 	 Test r2: 0.8432 	 Test Loss: 163.7456 	 Test MAE: 8.7122
Fold: 5 	 Test r2: 0.9127 	 Test Loss: 119.9724 	 Test MAE: 8.0860
Final avg. r2:  0.8626088331507719
Final avg. MSE: 192.75499230996422
Final avg. MAE: 8.949184062083562
R2: 0.8626088331507719 +- 0.0
MAE: 8.949184062083562 +- 0.0
