Fold: 1 	 Test r2: 0.4910 	 Test Loss: 728.2418 	 Test MAE: 16.2854
Fold: 2 	 Test r2: 0.7976 	 Test Loss: 250.2328 	 Test MAE: 10.3180
Fold: 3 	 Test r2: 0.9091 	 Test Loss: 130.8194 	 Test MAE: 9.0677
Fold: 4 	 Test r2: 0.8318 	 Test Loss: 297.6984 	 Test MAE: 11.9046
Fold: 5 	 Test r2: 0.7806 	 Test Loss: 258.2516 	 Test MAE: 11.9311
Final avg. r2:  0.7620221588650866
Final avg. MSE: 333.04879656247647
Final avg. MAE: 11.901369502643742
R2: 0.7620221588650866 +- 0.0
MAE: 11.901369502643742 +- 0.0
