Fold: 1 	 Test r2: 0.6830 	 Test Loss: 255.8649 	 Test MAE: 12.0806
Fold: 2 	 Test r2: 0.9140 	 Test Loss: 119.7110 	 Test MAE: 7.9012
Fold: 3 	 Test r2: 0.8521 	 Test Loss: 166.0498 	 Test MAE: 9.6318
Fold: 4 	 Test r2: 0.9071 	 Test Loss: 175.1841 	 Test MAE: 7.9069
Fold: 5 	 Test r2: 0.9024 	 Test Loss: 173.2885 	 Test MAE: 8.9246
Final avg. r2:  0.8517377765730728
Final avg. MSE: 178.01965211802928
Final avg. MAE: 9.28903068332445
R2: 0.8517377765730728 +- 0.0
MAE: 9.28903068332445 +- 0.0
