Fold: 1 	 Test r2: 0.9009 	 Test Loss: 192.4290 	 Test MAE: 9.4547
Fold: 2 	 Test r2: 0.6491 	 Test Loss: 312.5752 	 Test MAE: 10.8524
Fold: 3 	 Test r2: 0.9007 	 Test Loss: 142.8224 	 Test MAE: 9.3051
Fold: 4 	 Test r2: 0.8649 	 Test Loss: 118.3390 	 Test MAE: 8.0831
Fold: 5 	 Test r2: 0.9144 	 Test Loss: 150.2128 	 Test MAE: 8.9396
Final avg. r2:  0.8460101287863132
Final avg. MSE: 183.27568288099528
Final avg. MAE: 9.32698210406871
R2: 0.8460101287863132 +- 0.0
MAE: 9.32698210406871 +- 0.0
