Fold: 1 	 Test r2: 0.7517 	 Test Loss: 284.9068 	 Test MAE: 10.9083
Fold: 2 	 Test r2: 0.8395 	 Test Loss: 235.2699 	 Test MAE: 10.9781
Fold: 3 	 Test r2: 0.8843 	 Test Loss: 114.1911 	 Test MAE: 8.7557
Fold: 4 	 Test r2: 0.8066 	 Test Loss: 387.1071 	 Test MAE: 12.6272
Fold: 5 	 Test r2: 0.9360 	 Test Loss: 83.6115 	 Test MAE: 7.2737
Final avg. r2:  0.8436127505985492
Final avg. MSE: 221.01727541924492
Final avg. MAE: 10.108584917159309
R2: 0.8436127505985492 +- 0.0
MAE: 10.108584917159309 +- 0.0
