Fold: 1 	 Test r2: 0.8964 	 Test Loss: 151.9028 	 Test MAE: 9.0010
Fold: 2 	 Test r2: 0.6998 	 Test Loss: 495.3767 	 Test MAE: 13.3187
Fold: 3 	 Test r2: 0.8385 	 Test Loss: 218.3335 	 Test MAE: 11.0309
Fold: 4 	 Test r2: 0.7363 	 Test Loss: 305.1393 	 Test MAE: 8.9401
Fold: 5 	 Test r2: 0.9048 	 Test Loss: 128.6584 	 Test MAE: 8.4003
Final avg. r2:  0.8151479174733771
Final avg. MSE: 259.88214993145516
Final avg. MAE: 10.138199277009283
R2: 0.8151479174733771 +- 0.0
MAE: 10.138199277009283 +- 0.0
