Fold: 1 	 Test r2: 0.8156 	 Test Loss: 186.5886 	 Test MAE: 10.0338
Fold: 2 	 Test r2: 0.9181 	 Test Loss: 121.5849 	 Test MAE: 6.4629
Fold: 3 	 Test r2: 0.8477 	 Test Loss: 170.3545 	 Test MAE: 9.6522
Fold: 4 	 Test r2: 0.8097 	 Test Loss: 188.2476 	 Test MAE: 9.6683
Fold: 5 	 Test r2: 0.9291 	 Test Loss: 165.9036 	 Test MAE: 10.0083
Final avg. r2:  0.864066195168251
Final avg. MSE: 166.5358510363475
Final avg. MAE: 9.165106344790686
R2: 0.864066195168251 +- 0.0
MAE: 9.165106344790686 +- 0.0
