Fold: 1 	 Test r2: 0.8117 	 Test Loss: 378.6115 	 Test MAE: 12.7253
Fold: 2 	 Test r2: 0.7878 	 Test Loss: 282.0179 	 Test MAE: 11.3281
Fold: 3 	 Test r2: 0.8695 	 Test Loss: 225.8507 	 Test MAE: 9.6479
Fold: 4 	 Test r2: 0.8191 	 Test Loss: 204.4823 	 Test MAE: 9.6066
Fold: 5 	 Test r2: 0.7491 	 Test Loss: 220.5344 	 Test MAE: 9.8201
Final avg. r2:  0.8074245574702108
Final avg. MSE: 262.2993572939469
Final avg. MAE: 10.62558499858493
R2: 0.8074245574702108 +- 0.0
MAE: 10.62558499858493 +- 0.0
