Fold: 1 	 Test r2: 0.8754 	 Test Loss: 187.8643 	 Test MAE: 8.3575
Fold: 2 	 Test r2: 0.8852 	 Test Loss: 189.5144 	 Test MAE: 9.7494
Fold: 3 	 Test r2: 0.8595 	 Test Loss: 182.9572 	 Test MAE: 8.9758
Fold: 4 	 Test r2: 0.8684 	 Test Loss: 152.0020 	 Test MAE: 8.4951
Fold: 5 	 Test r2: 0.8592 	 Test Loss: 178.0787 	 Test MAE: 10.3286
Final avg. r2:  0.8695408055689408
Final avg. MSE: 178.08332655279528
Final avg. MAE: 9.181277612206483
R2: 0.8695408055689408 +- 0.0
MAE: 9.181277612206483 +- 0.0
