Fold: 1 	 Test r2: 0.7182 	 Test Loss: 447.5213 	 Test MAE: 12.1488
Fold: 2 	 Test r2: 0.7065 	 Test Loss: 411.9166 	 Test MAE: 12.6124
Fold: 3 	 Test r2: 0.8616 	 Test Loss: 140.9639 	 Test MAE: 8.6957
Fold: 4 	 Test r2: 0.9215 	 Test Loss: 123.1204 	 Test MAE: 7.9851
Fold: 5 	 Test r2: 0.9173 	 Test Loss: 114.4682 	 Test MAE: 7.4721
Final avg. r2:  0.8250112300011254
Final avg. MSE: 247.59807713437937
Final avg. MAE: 9.782828257623175
R2: 0.8250112300011254 +- 0.0
MAE: 9.782828257623175 +- 0.0
