Fold: 1 	 Test r2: 0.8571 	 Test Loss: 250.1387 	 Test MAE: 10.8642
Fold: 2 	 Test r2: 0.8014 	 Test Loss: 191.9446 	 Test MAE: 9.8826
Fold: 3 	 Test r2: 0.8183 	 Test Loss: 246.2527 	 Test MAE: 12.3964
Fold: 4 	 Test r2: 0.8633 	 Test Loss: 149.5479 	 Test MAE: 9.0424
Fold: 5 	 Test r2: 0.8915 	 Test Loss: 201.1328 	 Test MAE: 9.3633
Final avg. r2:  0.8462948928046439
Final avg. MSE: 207.80333504109512
Final avg. MAE: 10.309788080482257
R2: 0.8462948928046439 +- 0.0
MAE: 10.309788080482257 +- 0.0
