Fold: 1 	 Test r2: 0.9445 	 Test Loss: 101.2804 	 Test MAE: 7.7531
Fold: 2 	 Test r2: 0.8021 	 Test Loss: 158.3249 	 Test MAE: 9.1460
Fold: 3 	 Test r2: 0.6785 	 Test Loss: 458.6693 	 Test MAE: 12.6876
Fold: 4 	 Test r2: 0.9502 	 Test Loss: 86.9672 	 Test MAE: 6.7622
Fold: 5 	 Test r2: 0.8253 	 Test Loss: 216.2137 	 Test MAE: 11.1169
Final avg. r2:  0.8401127073590899
Final avg. MSE: 204.29111202549922
Final avg. MAE: 9.49316645009177
R2: 0.8401127073590899 +- 0.0
MAE: 9.49316645009177 +- 0.0
