Fold: 1 	 Test r2: 0.9261 	 Test Loss: 124.0002 	 Test MAE: 6.7814
Fold: 2 	 Test r2: 0.8211 	 Test Loss: 306.7998 	 Test MAE: 11.7966
Fold: 3 	 Test r2: 0.7641 	 Test Loss: 201.5200 	 Test MAE: 10.0213
Fold: 4 	 Test r2: 0.9215 	 Test Loss: 118.2155 	 Test MAE: 6.9992
Fold: 5 	 Test r2: 0.8935 	 Test Loss: 116.7782 	 Test MAE: 7.7647
Final avg. r2:  0.8652621681507977
Final avg. MSE: 173.4627560844266
Final avg. MAE: 8.672647129921685
R2: 0.8652621681507977 +- 0.0
MAE: 8.672647129921685 +- 0.0
