Fold: 1 	 Test r2: 0.7697 	 Test Loss: 367.3992 	 Test MAE: 10.8782
Fold: 2 	 Test r2: 0.8394 	 Test Loss: 215.1922 	 Test MAE: 11.8821
Fold: 3 	 Test r2: 0.8419 	 Test Loss: 172.5906 	 Test MAE: 10.0619
Fold: 4 	 Test r2: 0.8828 	 Test Loss: 192.4718 	 Test MAE: 10.4188
Fold: 5 	 Test r2: 0.8967 	 Test Loss: 137.4042 	 Test MAE: 8.6395
Final avg. r2:  0.8461177858273071
Final avg. MSE: 217.0115894081793
Final avg. MAE: 10.376100733734313
R2: 0.8461177858273071 +- 0.0
MAE: 10.376100733734313 +- 0.0
