Fold: 1 	 Test r2: 0.8398 	 Test Loss: 212.7001 	 Test MAE: 11.5087
Fold: 2 	 Test r2: 0.8242 	 Test Loss: 258.0082 	 Test MAE: 9.8069
Fold: 3 	 Test r2: 0.9211 	 Test Loss: 100.2828 	 Test MAE: 7.4664
Fold: 4 	 Test r2: 0.8451 	 Test Loss: 257.6509 	 Test MAE: 10.2621
Fold: 5 	 Test r2: 0.8902 	 Test Loss: 152.3897 	 Test MAE: 8.0463
Final avg. r2:  0.8640655898514904
Final avg. MSE: 196.2063508512203
Final avg. MAE: 9.418064674876984
R2: 0.8640655898514904 +- 0.0
MAE: 9.418064674876984 +- 0.0
