Fold: 1 	 Test r2: 0.6249 	 Test Loss: 879.8144 	 Test MAE: 12.9328
Fold: 2 	 Test r2: 0.9016 	 Test Loss: 167.3774 	 Test MAE: 9.8205
Fold: 3 	 Test r2: 0.9406 	 Test Loss: 60.8059 	 Test MAE: 6.2960
Fold: 4 	 Test r2: 0.8677 	 Test Loss: 107.8532 	 Test MAE: 8.2315
Fold: 5 	 Test r2: 0.8477 	 Test Loss: 155.3377 	 Test MAE: 8.4819
Final avg. r2:  0.8365227970357342
Final avg. MSE: 274.237714414871
Final avg. MAE: 9.152532497474125
R2: 0.8365227970357342 +- 0.0
MAE: 9.152532497474125 +- 0.0
