Fold: 1 	 Test r2: 0.7686 	 Test Loss: 307.0148 	 Test MAE: 11.7685
Fold: 2 	 Test r2: 0.8581 	 Test Loss: 140.5843 	 Test MAE: 8.1822
Fold: 3 	 Test r2: 0.9153 	 Test Loss: 195.3728 	 Test MAE: 8.9864
Fold: 4 	 Test r2: 0.8630 	 Test Loss: 134.8981 	 Test MAE: 9.3224
Fold: 5 	 Test r2: 0.9089 	 Test Loss: 131.4430 	 Test MAE: 9.0305
Final avg. r2:  0.862802251893655
Final avg. MSE: 181.86260912873155
Final avg. MAE: 9.457987024954386
R2: 0.862802251893655 +- 0.0
MAE: 9.457987024954386 +- 0.0
