Fold: 1 	 Test r2: 0.7933 	 Test Loss: 385.8998 	 Test MAE: 11.5648
Fold: 2 	 Test r2: 0.8297 	 Test Loss: 221.5473 	 Test MAE: 10.9812
Fold: 3 	 Test r2: 0.8666 	 Test Loss: 168.1065 	 Test MAE: 9.4641
Fold: 4 	 Test r2: 0.8592 	 Test Loss: 159.1948 	 Test MAE: 9.7482
Fold: 5 	 Test r2: 0.9425 	 Test Loss: 87.3613 	 Test MAE: 6.5017
Final avg. r2:  0.8582691260785481
Final avg. MSE: 204.42192199203407
Final avg. MAE: 9.652006170295534
R2: 0.8582691260785481 +- 0.0
MAE: 9.652006170295534 +- 0.0
