Fold: 1 	 Test r2: 0.9132 	 Test Loss: 111.3606 	 Test MAE: 8.4771
Fold: 2 	 Test r2: 0.7445 	 Test Loss: 468.5006 	 Test MAE: 11.5173
Fold: 3 	 Test r2: 0.8521 	 Test Loss: 223.4199 	 Test MAE: 10.5871
Fold: 4 	 Test r2: 0.9032 	 Test Loss: 151.7414 	 Test MAE: 9.4537
Fold: 5 	 Test r2: 0.7597 	 Test Loss: 212.8754 	 Test MAE: 11.4052
Final avg. r2:  0.8345340625618727
Final avg. MSE: 233.57957635545299
Final avg. MAE: 10.288084251540047
R2: 0.8345340625618727 +- 0.0
MAE: 10.288084251540047 +- 0.0
