Fold: 1 	 Test r2: 0.5506 	 Test Loss: 523.3443 	 Test MAE: 16.1355
Fold: 2 	 Test r2: 0.8637 	 Test Loss: 205.4629 	 Test MAE: 11.2560
Fold: 3 	 Test r2: 0.8753 	 Test Loss: 132.3522 	 Test MAE: 8.2637
Fold: 4 	 Test r2: 0.9430 	 Test Loss: 75.9372 	 Test MAE: 6.2632
Fold: 5 	 Test r2: 0.8733 	 Test Loss: 239.0151 	 Test MAE: 10.1809
Final avg. r2:  0.8211716997632387
Final avg. MSE: 235.2223314558089
Final avg. MAE: 10.41986975804681
R2: 0.8211716997632387 +- 0.0
MAE: 10.41986975804681 +- 0.0
