Fold: 1 	 Test r2: 0.8812 	 Test Loss: 184.9303 	 Test MAE: 9.3137
Fold: 2 	 Test r2: 0.7902 	 Test Loss: 238.8263 	 Test MAE: 10.7365
Fold: 3 	 Test r2: 0.8835 	 Test Loss: 165.3536 	 Test MAE: 8.3616
Fold: 4 	 Test r2: 0.8819 	 Test Loss: 126.8159 	 Test MAE: 7.9727
Fold: 5 	 Test r2: 0.9458 	 Test Loss: 96.0405 	 Test MAE: 7.6158
Final avg. r2:  0.8765199879404338
Final avg. MSE: 162.39332004038914
Final avg. MAE: 8.800038400008566
R2: 0.8765199879404338 +- 0.0
MAE: 8.800038400008566 +- 0.0
