Fold: 1 	 Test r2: 0.9254 	 Test Loss: 79.4791 	 Test MAE: 7.1055
Fold: 2 	 Test r2: 0.8205 	 Test Loss: 236.4197 	 Test MAE: 11.9125
Fold: 3 	 Test r2: 0.8894 	 Test Loss: 222.5402 	 Test MAE: 10.7295
Fold: 4 	 Test r2: 0.7866 	 Test Loss: 300.2840 	 Test MAE: 12.0470
Fold: 5 	 Test r2: 0.8823 	 Test Loss: 147.4419 	 Test MAE: 9.1439
Final avg. r2:  0.8608478301617277
Final avg. MSE: 197.232979516649
Final avg. MAE: 10.18768746029763
R2: 0.8608478301617277 +- 0.0
MAE: 10.18768746029763 +- 0.0
