Fold: 1 	 Test r2: 0.7723 	 Test Loss: 374.2267 	 Test MAE: 11.7247
Fold: 2 	 Test r2: 0.9090 	 Test Loss: 147.4992 	 Test MAE: 8.8477
Fold: 3 	 Test r2: 0.8054 	 Test Loss: 196.4263 	 Test MAE: 10.4248
Fold: 4 	 Test r2: 0.9390 	 Test Loss: 81.1349 	 Test MAE: 6.0237
Fold: 5 	 Test r2: 0.9117 	 Test Loss: 126.3462 	 Test MAE: 8.7954
Final avg. r2:  0.8674745624378778
Final avg. MSE: 185.12664388512013
Final avg. MAE: 9.163254327433451
R2: 0.8674745624378778 +- 0.0
MAE: 9.163254327433451 +- 0.0
