Fold: 1 	 Test r2: 0.8482 	 Test Loss: 188.5434 	 Test MAE: 10.4539
Fold: 2 	 Test r2: 0.9169 	 Test Loss: 122.9871 	 Test MAE: 7.7028
Fold: 3 	 Test r2: 0.8659 	 Test Loss: 123.0960 	 Test MAE: 8.3979
Fold: 4 	 Test r2: 0.8359 	 Test Loss: 299.4808 	 Test MAE: 11.1209
Fold: 5 	 Test r2: 0.9180 	 Test Loss: 126.1998 	 Test MAE: 8.7243
Final avg. r2:  0.876999802914041
Final avg. MSE: 172.06141048786017
Final avg. MAE: 9.279972789968763
R2: 0.876999802914041 +- 0.0
MAE: 9.279972789968763 +- 0.0
