Fold: 1 	 Test r2: 0.8393 	 Test Loss: 205.5062 	 Test MAE: 9.7067
Fold: 2 	 Test r2: 0.9136 	 Test Loss: 103.2331 	 Test MAE: 8.1465
Fold: 3 	 Test r2: 0.9178 	 Test Loss: 137.2737 	 Test MAE: 8.5633
Fold: 4 	 Test r2: 0.8162 	 Test Loss: 212.9192 	 Test MAE: 10.1777
Fold: 5 	 Test r2: 0.9063 	 Test Loss: 143.5883 	 Test MAE: 8.4652
Final avg. r2:  0.8786205875098853
Final avg. MSE: 160.50408367782035
Final avg. MAE: 9.011881733508337
R2: 0.8786205875098853 +- 0.0
MAE: 9.011881733508337 +- 0.0
