Fold: 1 	 Test r2: 0.7170 	 Test Loss: 289.9189 	 Test MAE: 9.8103
Fold: 2 	 Test r2: 0.9042 	 Test Loss: 110.4019 	 Test MAE: 7.7647
Fold: 3 	 Test r2: 0.9580 	 Test Loss: 72.9491 	 Test MAE: 6.8756
Fold: 4 	 Test r2: 0.8918 	 Test Loss: 212.7348 	 Test MAE: 9.6189
Fold: 5 	 Test r2: 0.7500 	 Test Loss: 270.2666 	 Test MAE: 13.2989
Final avg. r2:  0.8441817087249298
Final avg. MSE: 191.25427014513158
Final avg. MAE: 9.473666566894169
R2: 0.8441817087249298 +- 0.0
MAE: 9.473666566894169 +- 0.0
