Fold: 1 	 Test r2: 0.9382 	 Test Loss: 89.5265 	 Test MAE: 7.0624
Fold: 2 	 Test r2: 0.8724 	 Test Loss: 231.6498 	 Test MAE: 10.1266
Fold: 3 	 Test r2: 0.8526 	 Test Loss: 170.6218 	 Test MAE: 9.1531
Fold: 4 	 Test r2: 0.9055 	 Test Loss: 138.7040 	 Test MAE: 7.8954
Fold: 5 	 Test r2: 0.2531 	 Test Loss: 892.9132 	 Test MAE: 19.0712
Final avg. r2:  0.7643624345235025
Final avg. MSE: 304.68307795749604
Final avg. MAE: 10.661746663990474
R2: 0.7643624345235025 +- 0.0
MAE: 10.661746663990474 +- 0.0
