Fold: 1 	 Test r2: 0.9048 	 Test Loss: 173.0064 	 Test MAE: 9.4525
Fold: 2 	 Test r2: 0.9060 	 Test Loss: 152.6310 	 Test MAE: 9.4681
Fold: 3 	 Test r2: 0.8521 	 Test Loss: 113.8839 	 Test MAE: 7.3557
Fold: 4 	 Test r2: 0.9050 	 Test Loss: 128.2161 	 Test MAE: 8.3341
Fold: 5 	 Test r2: 0.8964 	 Test Loss: 151.7645 	 Test MAE: 8.5948
Final avg. r2:  0.892874082300661
Final avg. MSE: 143.9003954306412
Final avg. MAE: 8.641029142765772
R2: 0.892874082300661 +- 0.0
MAE: 8.641029142765772 +- 0.0
