Fold: 1 	 Test r2: 0.9011 	 Test Loss: 139.9132 	 Test MAE: 8.1686
Fold: 2 	 Test r2: 0.8891 	 Test Loss: 159.7313 	 Test MAE: 9.3200
Fold: 3 	 Test r2: 0.8297 	 Test Loss: 203.5375 	 Test MAE: 10.7516
Fold: 4 	 Test r2: 0.8500 	 Test Loss: 164.5541 	 Test MAE: 7.3480
Fold: 5 	 Test r2: 0.8115 	 Test Loss: 349.2467 	 Test MAE: 11.4355
Final avg. r2:  0.8562883527580729
Final avg. MSE: 203.3965506992152
Final avg. MAE: 9.4047249127002
R2: 0.8562883527580729 +- 0.0
MAE: 9.4047249127002 +- 0.0
