Fold: 1 	 Test r2: 0.7430 	 Test Loss: 0.0113 	 Test MAE: 0.0831
Fold: 2 	 Test r2: 0.7204 	 Test Loss: 0.0113 	 Test MAE: 0.0684
Fold: 3 	 Test r2: 0.6616 	 Test Loss: 0.0122 	 Test MAE: 0.0751
Fold: 4 	 Test r2: 0.6426 	 Test Loss: 0.0173 	 Test MAE: 0.0897
Fold: 5 	 Test r2: 0.5974 	 Test Loss: 0.0240 	 Test MAE: 0.0969
Final avg. r2:  0.6729956200307983
Final avg. MSE: 0.015226878414068626
Final avg. MAE: 0.08265579461633246
R2: 0.6729956200307983 +- 0.0
MAE: 0.08265579461633246 +- 0.0
