Fold: 1 	 Test r2: 0.7945 	 Test Loss: 0.0123 	 Test MAE: 0.0694
Fold: 2 	 Test r2: 0.6428 	 Test Loss: 0.0210 	 Test MAE: 0.0818
Fold: 3 	 Test r2: 0.6687 	 Test Loss: 0.0113 	 Test MAE: 0.0749
Fold: 4 	 Test r2: 0.6023 	 Test Loss: 0.0109 	 Test MAE: 0.0796
Fold: 5 	 Test r2: 0.7055 	 Test Loss: 0.0140 	 Test MAE: 0.0816
Final avg. r2:  0.6827373115637198
Final avg. MSE: 0.013885118388923732
Final avg. MAE: 0.07746956156262634
R2: 0.6827373115637198 +- 0.0
MAE: 0.07746956156262634 +- 0.0
