Fold: 1 	 Test r2: 0.5020 	 Test Loss: 0.0172 	 Test MAE: 0.0932
Fold: 2 	 Test r2: 0.8464 	 Test Loss: 0.0054 	 Test MAE: 0.0587
Fold: 3 	 Test r2: 0.8827 	 Test Loss: 0.0052 	 Test MAE: 0.0512
Fold: 4 	 Test r2: 0.6126 	 Test Loss: 0.0283 	 Test MAE: 0.0975
Fold: 5 	 Test r2: 0.6964 	 Test Loss: 0.0123 	 Test MAE: 0.0719
Final avg. r2:  0.7080172390679561
Final avg. MSE: 0.01367896731477741
Final avg. MAE: 0.07450059249135507
R2: 0.7080172390679561 +- 0.0
MAE: 0.07450059249135507 +- 0.0
