Fold: 1 	 Test r2: 0.7697 	 Test Loss: 0.0095 	 Test MAE: 0.0728
Fold: 2 	 Test r2: 0.7645 	 Test Loss: 0.0181 	 Test MAE: 0.0730
Fold: 3 	 Test r2: 0.5678 	 Test Loss: 0.0186 	 Test MAE: 0.0907
Fold: 4 	 Test r2: 0.5172 	 Test Loss: 0.0156 	 Test MAE: 0.0843
Fold: 5 	 Test r2: 0.7670 	 Test Loss: 0.0089 	 Test MAE: 0.0718
Final avg. r2:  0.6772256867533653
Final avg. MSE: 0.014140404214244081
Final avg. MAE: 0.0785372220987112
R2: 0.6772256867533653 +- 0.0
MAE: 0.0785372220987112 +- 0.0
