Fold: 1 	 Test r2: 0.6339 	 Test Loss: 0.0251 	 Test MAE: 0.0832
Fold: 2 	 Test r2: 0.7067 	 Test Loss: 0.0170 	 Test MAE: 0.0916
Fold: 3 	 Test r2: 0.7468 	 Test Loss: 0.0095 	 Test MAE: 0.0702
Fold: 4 	 Test r2: 0.6176 	 Test Loss: 0.0141 	 Test MAE: 0.0913
Fold: 5 	 Test r2: 0.5363 	 Test Loss: 0.0157 	 Test MAE: 0.0896
Final avg. r2:  0.6482696409766231
Final avg. MSE: 0.016258145445745827
Final avg. MAE: 0.08515604085979514
R2: 0.6482696409766231 +- 0.0
MAE: 0.08515604085979514 +- 0.0
