Fold: 1 	 Test r2: 0.5711 	 Test Loss: 0.0182 	 Test MAE: 0.1022
Fold: 2 	 Test r2: 0.6085 	 Test Loss: 0.0295 	 Test MAE: 0.0992
Fold: 3 	 Test r2: 0.6289 	 Test Loss: 0.0122 	 Test MAE: 0.0797
Fold: 4 	 Test r2: 0.6154 	 Test Loss: 0.0171 	 Test MAE: 0.0880
Fold: 5 	 Test r2: 0.7104 	 Test Loss: 0.0117 	 Test MAE: 0.0782
Final avg. r2:  0.6268669414178863
Final avg. MSE: 0.017740195114044437
Final avg. MAE: 0.08946793067972271
R2: 0.6268669414178863 +- 0.0
MAE: 0.08946793067972271 +- 0.0
