Fold: 1 	 Test r2: 0.5378 	 Test Loss: 0.0175 	 Test MAE: 0.0922
Fold: 2 	 Test r2: 0.6576 	 Test Loss: 0.0104 	 Test MAE: 0.0739
Fold: 3 	 Test r2: 0.7766 	 Test Loss: 0.0111 	 Test MAE: 0.0790
Fold: 4 	 Test r2: 0.6350 	 Test Loss: 0.0134 	 Test MAE: 0.0804
Fold: 5 	 Test r2: 0.6336 	 Test Loss: 0.0271 	 Test MAE: 0.0909
Final avg. r2:  0.6480983730314256
Final avg. MSE: 0.015891130160756536
Final avg. MAE: 0.08329377694904398
R2: 0.6480983730314256 +- 0.0
MAE: 0.08329377694904398 +- 0.0
