Fold: 1 	 Test r2: 0.6356 	 Test Loss: 0.0289 	 Test MAE: 0.0918
Fold: 2 	 Test r2: 0.7081 	 Test Loss: 0.0104 	 Test MAE: 0.0760
Fold: 3 	 Test r2: 0.6667 	 Test Loss: 0.0148 	 Test MAE: 0.0919
Fold: 4 	 Test r2: 0.5735 	 Test Loss: 0.0155 	 Test MAE: 0.0846
Fold: 5 	 Test r2: 0.4397 	 Test Loss: 0.0201 	 Test MAE: 0.1096
Final avg. r2:  0.604715809137269
Final avg. MSE: 0.017952142068878862
Final avg. MAE: 0.09077599439960049
R2: 0.604715809137269 +- 0.0
MAE: 0.09077599439960049 +- 0.0
