Fold: 1 	 Test r2: 0.7192 	 Test Loss: 0.0083 	 Test MAE: 0.0657
Fold: 2 	 Test r2: 0.8186 	 Test Loss: 0.0072 	 Test MAE: 0.0593
Fold: 3 	 Test r2: 0.5811 	 Test Loss: 0.0219 	 Test MAE: 0.0987
Fold: 4 	 Test r2: 0.6317 	 Test Loss: 0.0219 	 Test MAE: 0.0933
Fold: 5 	 Test r2: 0.8916 	 Test Loss: 0.0058 	 Test MAE: 0.0609
Final avg. r2:  0.7284412498099042
Final avg. MSE: 0.013025948174039462
Final avg. MAE: 0.07557366995115568
R2: 0.7284412498099042 +- 0.0
MAE: 0.07557366995115568 +- 0.0
