Fold: 1 	 Test r2: 0.4461 	 Test Loss: 0.0201 	 Test MAE: 0.1088
Fold: 2 	 Test r2: 0.6747 	 Test Loss: 0.0149 	 Test MAE: 0.0976
Fold: 3 	 Test r2: 0.6764 	 Test Loss: 0.0172 	 Test MAE: 0.1033
Fold: 4 	 Test r2: 0.5555 	 Test Loss: 0.0257 	 Test MAE: 0.0862
Fold: 5 	 Test r2: 0.6872 	 Test Loss: 0.0121 	 Test MAE: 0.0794
Final avg. r2:  0.6080004049668848
Final avg. MSE: 0.017993529724046255
Final avg. MAE: 0.09506467416705121
R2: 0.6080004049668848 +- 0.0
MAE: 0.09506467416705121 +- 0.0
