Fold: 1 	 Test r2: 0.6164 	 Test Loss: 0.0146 	 Test MAE: 0.0849
Fold: 2 	 Test r2: 0.5932 	 Test Loss: 0.0182 	 Test MAE: 0.0746
Fold: 3 	 Test r2: 0.8547 	 Test Loss: 0.0067 	 Test MAE: 0.0580
Fold: 4 	 Test r2: 0.7781 	 Test Loss: 0.0148 	 Test MAE: 0.0660
Fold: 5 	 Test r2: 0.7881 	 Test Loss: 0.0087 	 Test MAE: 0.0680
Final avg. r2:  0.7260977793268133
Final avg. MSE: 0.01258066388382117
Final avg. MAE: 0.07027991008342935
R2: 0.7260977793268133 +- 0.0
MAE: 0.07027991008342935 +- 0.0
