Fold: 1 	 Test r2: 0.7280 	 Test Loss: 0.0124 	 Test MAE: 0.0793
Fold: 2 	 Test r2: 0.1626 	 Test Loss: 0.0316 	 Test MAE: 0.1264
Fold: 3 	 Test r2: 0.6223 	 Test Loss: 0.0183 	 Test MAE: 0.0951
Fold: 4 	 Test r2: 0.6193 	 Test Loss: 0.0279 	 Test MAE: 0.0821
Fold: 5 	 Test r2: 0.5908 	 Test Loss: 0.0118 	 Test MAE: 0.0863
Final avg. r2:  0.544624658343547
Final avg. MSE: 0.020412986803457298
Final avg. MAE: 0.09383421030250334
R2: 0.544624658343547 +- 0.0
MAE: 0.09383421030250334 +- 0.0
