Fold: 1 	 Test r2: 0.4620 	 Test Loss: 0.0226 	 Test MAE: 0.0947
Fold: 2 	 Test r2: 0.7247 	 Test Loss: 0.0122 	 Test MAE: 0.0865
Fold: 3 	 Test r2: 0.6961 	 Test Loss: 0.0235 	 Test MAE: 0.0852
Fold: 4 	 Test r2: 0.4120 	 Test Loss: 0.0164 	 Test MAE: 0.0840
Fold: 5 	 Test r2: 0.7890 	 Test Loss: 0.0085 	 Test MAE: 0.0643
Final avg. r2:  0.6167669988835214
Final avg. MSE: 0.016633384052695308
Final avg. MAE: 0.08294420995096974
R2: 0.6167669988835214 +- 0.0
MAE: 0.08294420995096974 +- 0.0
