Fold: 1 	 Test r2: 0.7951 	 Test Loss: 0.0109 	 Test MAE: 0.0781
Fold: 2 	 Test r2: 0.7778 	 Test Loss: 0.0079 	 Test MAE: 0.0676
Fold: 3 	 Test r2: 0.5997 	 Test Loss: 0.0151 	 Test MAE: 0.0954
Fold: 4 	 Test r2: 0.5738 	 Test Loss: 0.0163 	 Test MAE: 0.0918
Fold: 5 	 Test r2: 0.4534 	 Test Loss: 0.0371 	 Test MAE: 0.1014
Final avg. r2:  0.6399665207567675
Final avg. MSE: 0.017461182323543146
Final avg. MAE: 0.08687712331080721
R2: 0.6399665207567675 +- 0.0
MAE: 0.08687712331080721 +- 0.0
