Fold: 1 	 Test r2: 0.7593 	 Test Loss: 0.0103 	 Test MAE: 0.0620
Fold: 2 	 Test r2: 0.8473 	 Test Loss: 0.0059 	 Test MAE: 0.0532
Fold: 3 	 Test r2: 0.5189 	 Test Loss: 0.0202 	 Test MAE: 0.1114
Fold: 4 	 Test r2: 0.8900 	 Test Loss: 0.0055 	 Test MAE: 0.0578
Fold: 5 	 Test r2: 0.7228 	 Test Loss: 0.0172 	 Test MAE: 0.0782
Final avg. r2:  0.7476553375925062
Final avg. MSE: 0.011817335034677908
Final avg. MAE: 0.07254195700773375
R2: 0.7476553375925062 +- 0.0
MAE: 0.07254195700773375 +- 0.0
