Fold: 1 	 Test r2: 0.6377 	 Test Loss: 0.0263 	 Test MAE: 0.0956
Fold: 2 	 Test r2: 0.5000 	 Test Loss: 0.0154 	 Test MAE: 0.0882
Fold: 3 	 Test r2: 0.8298 	 Test Loss: 0.0094 	 Test MAE: 0.0668
Fold: 4 	 Test r2: 0.6175 	 Test Loss: 0.0157 	 Test MAE: 0.0872
Fold: 5 	 Test r2: 0.6840 	 Test Loss: 0.0102 	 Test MAE: 0.0705
Final avg. r2:  0.6538246045226201
Final avg. MSE: 0.015389613464589516
Final avg. MAE: 0.08166305192549819
R2: 0.6538246045226201 +- 0.0
MAE: 0.08166305192549819 +- 0.0
