Fold: 1 	 Test r2: 0.8869 	 Test Loss: 0.0059 	 Test MAE: 0.0656
Fold: 2 	 Test r2: 0.6630 	 Test Loss: 0.0224 	 Test MAE: 0.0892
Fold: 3 	 Test r2: 0.7276 	 Test Loss: 0.0109 	 Test MAE: 0.0779
Fold: 4 	 Test r2: 0.2951 	 Test Loss: 0.0144 	 Test MAE: 0.0776
Fold: 5 	 Test r2: 0.6093 	 Test Loss: 0.0191 	 Test MAE: 0.0822
Final avg. r2:  0.6363883993773308
Final avg. MSE: 0.014555452732641624
Final avg. MAE: 0.07851662499335955
R2: 0.6363883993773308 +- 0.0
MAE: 0.07851662499335955 +- 0.0
