Fold: 1 	 Test r2: 0.8040 	 Test Loss: 0.0095 	 Test MAE: 0.0736
Fold: 2 	 Test r2: 0.6305 	 Test Loss: 0.0255 	 Test MAE: 0.1072
Fold: 3 	 Test r2: 0.7493 	 Test Loss: 0.0082 	 Test MAE: 0.0694
Fold: 4 	 Test r2: 0.7330 	 Test Loss: 0.0123 	 Test MAE: 0.0702
Fold: 5 	 Test r2: 0.7706 	 Test Loss: 0.0083 	 Test MAE: 0.0717
Final avg. r2:  0.7374878485545373
Final avg. MSE: 0.012765585700723791
Final avg. MAE: 0.07842533235900662
R2: 0.7374878485545373 +- 0.0
MAE: 0.07842533235900662 +- 0.0
