Fold: 1 	 Test r2: 0.4702 	 Test Loss: 0.0367 	 Test MAE: 0.1011
Fold: 2 	 Test r2: 0.7505 	 Test Loss: 0.0125 	 Test MAE: 0.0821
Fold: 3 	 Test r2: 0.0369 	 Test Loss: 0.0293 	 Test MAE: 0.1207
Fold: 4 	 Test r2: 0.7945 	 Test Loss: 0.0104 	 Test MAE: 0.0686
Fold: 5 	 Test r2: 0.4003 	 Test Loss: 0.0186 	 Test MAE: 0.1051
Final avg. r2:  0.4904961694011898
Final avg. MSE: 0.021508005762089794
Final avg. MAE: 0.09551822926380299
R2: 0.4904961694011898 +- 0.0
MAE: 0.09551822926380299 +- 0.0
