Fold: 1 	 Test r2: 0.6260 	 Test Loss: 0.0127 	 Test MAE: 0.0863
Fold: 2 	 Test r2: 0.5409 	 Test Loss: 0.0234 	 Test MAE: 0.0952
Fold: 3 	 Test r2: 0.5142 	 Test Loss: 0.0231 	 Test MAE: 0.0975
Fold: 4 	 Test r2: 0.6296 	 Test Loss: 0.0258 	 Test MAE: 0.0908
Fold: 5 	 Test r2: 0.5475 	 Test Loss: 0.0137 	 Test MAE: 0.0950
Final avg. r2:  0.5716325157837109
Final avg. MSE: 0.019745140378295507
Final avg. MAE: 0.09296626219665315
R2: 0.5716325157837109 +- 0.0
MAE: 0.09296626219665315 +- 0.0
