Fold: 1 	 Test r2: 0.7531 	 Test Loss: 0.0063 	 Test MAE: 0.0592
Fold: 2 	 Test r2: 0.6353 	 Test Loss: 0.0160 	 Test MAE: 0.0856
Fold: 3 	 Test r2: 0.5738 	 Test Loss: 0.0331 	 Test MAE: 0.0961
Fold: 4 	 Test r2: 0.8065 	 Test Loss: 0.0073 	 Test MAE: 0.0709
Fold: 5 	 Test r2: 0.5703 	 Test Loss: 0.0194 	 Test MAE: 0.1014
Final avg. r2:  0.6678084389858475
Final avg. MSE: 0.016448246734222967
Final avg. MAE: 0.08265883589328146
R2: 0.6678084389858475 +- 0.0
MAE: 0.08265883589328146 +- 0.0
