Fold: 1 	 Test r2: 0.6331 	 Test Loss: 0.0172 	 Test MAE: 0.0919
Fold: 2 	 Test r2: 0.7108 	 Test Loss: 0.0119 	 Test MAE: 0.0789
Fold: 3 	 Test r2: 0.6744 	 Test Loss: 0.0207 	 Test MAE: 0.0899
Fold: 4 	 Test r2: 0.7535 	 Test Loss: 0.0097 	 Test MAE: 0.0738
Fold: 5 	 Test r2: 0.5145 	 Test Loss: 0.0216 	 Test MAE: 0.1076
Final avg. r2:  0.657254004578894
Final avg. MSE: 0.016236742618374028
Final avg. MAE: 0.08843588597983831
R2: 0.657254004578894 +- 0.0
MAE: 0.08843588597983831 +- 0.0
