Fold: 1 	 Test r2: 0.7567 	 Test Loss: 0.0102 	 Test MAE: 0.0759
Fold: 2 	 Test r2: 0.6756 	 Test Loss: 0.0202 	 Test MAE: 0.0879
Fold: 3 	 Test r2: 0.8178 	 Test Loss: 0.0063 	 Test MAE: 0.0581
Fold: 4 	 Test r2: 0.7554 	 Test Loss: 0.0115 	 Test MAE: 0.0822
Fold: 5 	 Test r2: 0.6053 	 Test Loss: 0.0197 	 Test MAE: 0.0854
Final avg. r2:  0.7221588595685212
Final avg. MSE: 0.013587043071792076
Final avg. MAE: 0.07789950288046582
R2: 0.7221588595685212 +- 0.0
MAE: 0.07789950288046582 +- 0.0
