Fold: 1 	 Test r2: 0.6346 	 Test Loss: 0.0282 	 Test MAE: 0.0932
Fold: 2 	 Test r2: 0.5476 	 Test Loss: 0.0212 	 Test MAE: 0.0993
Fold: 3 	 Test r2: 0.6819 	 Test Loss: 0.0122 	 Test MAE: 0.0853
Fold: 4 	 Test r2: 0.6327 	 Test Loss: 0.0126 	 Test MAE: 0.0808
Fold: 5 	 Test r2: 0.5414 	 Test Loss: 0.0173 	 Test MAE: 0.0908
Final avg. r2:  0.6076120226759242
Final avg. MSE: 0.01831007460350394
Final avg. MAE: 0.08985956662214126
R2: 0.6076120226759242 +- 0.0
MAE: 0.08985956662214126 +- 0.0
