Fold: 1 	 Test r2: 0.7444 	 Test Loss: 0.0114 	 Test MAE: 0.0837
Fold: 2 	 Test r2: 0.6789 	 Test Loss: 0.0193 	 Test MAE: 0.0908
Fold: 3 	 Test r2: 0.7986 	 Test Loss: 0.0080 	 Test MAE: 0.0674
Fold: 4 	 Test r2: 0.5762 	 Test Loss: 0.0171 	 Test MAE: 0.0776
Fold: 5 	 Test r2: 0.8580 	 Test Loss: 0.0071 	 Test MAE: 0.0576
Final avg. r2:  0.7312342216405641
Final avg. MSE: 0.012572094936831115
Final avg. MAE: 0.07539767636188946
R2: 0.7312342216405641 +- 0.0
MAE: 0.07539767636188946 +- 0.0
