Fold: 1 	 Test r2: 0.5243 	 Test Loss: 0.0124 	 Test MAE: 0.0788
Fold: 2 	 Test r2: 0.6720 	 Test Loss: 0.0118 	 Test MAE: 0.0715
Fold: 3 	 Test r2: 0.4936 	 Test Loss: 0.0221 	 Test MAE: 0.1006
Fold: 4 	 Test r2: 0.5841 	 Test Loss: 0.0341 	 Test MAE: 0.1103
Fold: 5 	 Test r2: 0.5886 	 Test Loss: 0.0174 	 Test MAE: 0.0967
Final avg. r2:  0.5725313632412151
Final avg. MSE: 0.019549298915148006
Final avg. MAE: 0.09158691519833342
R2: 0.5725313632412151 +- 0.0
MAE: 0.09158691519833342 +- 0.0
