Fold: 1 	 Test r2: 0.7350 	 Test Loss: 0.0134 	 Test MAE: 0.0960
Fold: 2 	 Test r2: 0.6442 	 Test Loss: 0.0179 	 Test MAE: 0.0972
Fold: 3 	 Test r2: 0.6052 	 Test Loss: 0.0129 	 Test MAE: 0.0825
Fold: 4 	 Test r2: 0.5696 	 Test Loss: 0.0117 	 Test MAE: 0.0757
Fold: 5 	 Test r2: 0.6953 	 Test Loss: 0.0220 	 Test MAE: 0.0944
Final avg. r2:  0.6498498451731722
Final avg. MSE: 0.015576915525030386
Final avg. MAE: 0.08915045516007916
R2: 0.6498498451731722 +- 0.0
MAE: 0.08915045516007916 +- 0.0
