Fold: 1 	 Test r2: 0.6477 	 Test Loss: 0.0108 	 Test MAE: 0.0728
Fold: 2 	 Test r2: 0.6321 	 Test Loss: 0.0269 	 Test MAE: 0.0876
Fold: 3 	 Test r2: 0.7164 	 Test Loss: 0.0119 	 Test MAE: 0.0730
Fold: 4 	 Test r2: 0.7544 	 Test Loss: 0.0133 	 Test MAE: 0.0836
Fold: 5 	 Test r2: 0.7940 	 Test Loss: 0.0064 	 Test MAE: 0.0547
Final avg. r2:  0.7089018177229256
Final avg. MSE: 0.013843863675468335
Final avg. MAE: 0.0743244939407676
R2: 0.7089018177229256 +- 0.0
MAE: 0.0743244939407676 +- 0.0
