Fold: 1 	 Test r2: 0.8690 	 Test Loss: 0.0053 	 Test MAE: 0.0530
Fold: 2 	 Test r2: 0.6607 	 Test Loss: 0.0147 	 Test MAE: 0.0877
Fold: 3 	 Test r2: 0.6733 	 Test Loss: 0.0066 	 Test MAE: 0.0536
Fold: 4 	 Test r2: 0.6309 	 Test Loss: 0.0286 	 Test MAE: 0.0992
Fold: 5 	 Test r2: 0.7101 	 Test Loss: 0.0139 	 Test MAE: 0.0755
Final avg. r2:  0.7087905689910344
Final avg. MSE: 0.013816359067884134
Final avg. MAE: 0.07380312983972989
R2: 0.7087905689910344 +- 0.0
MAE: 0.07380312983972989 +- 0.0
