Fold: 1 	 Test r2: 0.6062 	 Test Loss: 0.0191 	 Test MAE: 0.0849
Fold: 2 	 Test r2: 0.7646 	 Test Loss: 0.0075 	 Test MAE: 0.0642
Fold: 3 	 Test r2: 0.8727 	 Test Loss: 0.0048 	 Test MAE: 0.0478
Fold: 4 	 Test r2: 0.8070 	 Test Loss: 0.0090 	 Test MAE: 0.0669
Fold: 5 	 Test r2: 0.7298 	 Test Loss: 0.0182 	 Test MAE: 0.0783
Final avg. r2:  0.7560469431357795
Final avg. MSE: 0.011715276604743679
Final avg. MAE: 0.06843148974486354
R2: 0.7560469431357795 +- 0.0
MAE: 0.06843148974486354 +- 0.0
