Fold: 1 	 Test r2: 0.6702 	 Test Loss: 0.0097 	 Test MAE: 0.0670
Fold: 2 	 Test r2: 0.7752 	 Test Loss: 0.0114 	 Test MAE: 0.0744
Fold: 3 	 Test r2: 0.5831 	 Test Loss: 0.0172 	 Test MAE: 0.0880
Fold: 4 	 Test r2: 0.7443 	 Test Loss: 0.0090 	 Test MAE: 0.0701
Fold: 5 	 Test r2: 0.6730 	 Test Loss: 0.0254 	 Test MAE: 0.0931
Final avg. r2:  0.689156127261428
Final avg. MSE: 0.014543385702980065
Final avg. MAE: 0.07851557802269551
R2: 0.689156127261428 +- 0.0
MAE: 0.07851557802269551 +- 0.0
