Fold: 1 	 Test r2: 0.7740 	 Test Loss: 0.0128 	 Test MAE: 0.0686
Fold: 2 	 Test r2: 0.6897 	 Test Loss: 0.0150 	 Test MAE: 0.0878
Fold: 3 	 Test r2: 0.6892 	 Test Loss: 0.0087 	 Test MAE: 0.0670
Fold: 4 	 Test r2: 0.7490 	 Test Loss: 0.0163 	 Test MAE: 0.0907
Fold: 5 	 Test r2: 0.3027 	 Test Loss: 0.0211 	 Test MAE: 0.0889
Final avg. r2:  0.6409081434729004
Final avg. MSE: 0.014791273706183628
Final avg. MAE: 0.08059616660648564
R2: 0.6409081434729004 +- 0.0
MAE: 0.08059616660648564 +- 0.0
