Fold: 1 	 Test r2: 0.7963 	 Test Loss: 0.0086 	 Test MAE: 0.0641
Fold: 2 	 Test r2: 0.6351 	 Test Loss: 0.0162 	 Test MAE: 0.0776
Fold: 3 	 Test r2: 0.7300 	 Test Loss: 0.0106 	 Test MAE: 0.0694
Fold: 4 	 Test r2: 0.8224 	 Test Loss: 0.0082 	 Test MAE: 0.0715
Fold: 5 	 Test r2: 0.7004 	 Test Loss: 0.0177 	 Test MAE: 0.0689
Final avg. r2:  0.7368304593533251
Final avg. MSE: 0.012253922758086155
Final avg. MAE: 0.07029152824701804
R2: 0.7368304593533251 +- 0.0
MAE: 0.07029152824701804 +- 0.0
