Fold: 1 	 Test r2: 0.6532 	 Test Loss: 0.0142 	 Test MAE: 0.0838
Fold: 2 	 Test r2: 0.5623 	 Test Loss: 0.0147 	 Test MAE: 0.0841
Fold: 3 	 Test r2: 0.7544 	 Test Loss: 0.0132 	 Test MAE: 0.0924
Fold: 4 	 Test r2: 0.7043 	 Test Loss: 0.0210 	 Test MAE: 0.0845
Fold: 5 	 Test r2: 0.6662 	 Test Loss: 0.0121 	 Test MAE: 0.0805
Final avg. r2:  0.6680710964452535
Final avg. MSE: 0.015049585278432354
Final avg. MAE: 0.08507341522736109
R2: 0.6680710964452535 +- 0.0
MAE: 0.08507341522736109 +- 0.0
