Fold: 1 	 Test r2: 0.7663 	 Test Loss: 0.0162 	 Test MAE: 0.0727
Fold: 2 	 Test r2: 0.8357 	 Test Loss: 0.0070 	 Test MAE: 0.0624
Fold: 3 	 Test r2: 0.6939 	 Test Loss: 0.0108 	 Test MAE: 0.0737
Fold: 4 	 Test r2: 0.6877 	 Test Loss: 0.0092 	 Test MAE: 0.0653
Fold: 5 	 Test r2: 0.7297 	 Test Loss: 0.0147 	 Test MAE: 0.0857
Final avg. r2:  0.7426497785791109
Final avg. MSE: 0.01158680591354926
Final avg. MAE: 0.07195092752246426
R2: 0.7426497785791109 +- 0.0
MAE: 0.07195092752246426 +- 0.0
