Fold: 1 	 Test r2: 0.7135 	 Test Loss: 0.0145 	 Test MAE: 0.0811
Fold: 2 	 Test r2: 0.5684 	 Test Loss: 0.0251 	 Test MAE: 0.0943
Fold: 3 	 Test r2: 0.7196 	 Test Loss: 0.0097 	 Test MAE: 0.0688
Fold: 4 	 Test r2: 0.8118 	 Test Loss: 0.0096 	 Test MAE: 0.0645
Fold: 5 	 Test r2: 0.8482 	 Test Loss: 0.0051 	 Test MAE: 0.0565
Final avg. r2:  0.732296961799073
Final avg. MSE: 0.012823616692068685
Final avg. MAE: 0.07304355020501783
R2: 0.732296961799073 +- 0.0
MAE: 0.07304355020501783 +- 0.0
