Fold: 1 	 Test r2: 0.6148 	 Test Loss: 0.0156 	 Test MAE: 0.0906
Fold: 2 	 Test r2: 0.6475 	 Test Loss: 0.0142 	 Test MAE: 0.0889
Fold: 3 	 Test r2: 0.4658 	 Test Loss: 0.0258 	 Test MAE: 0.1059
Fold: 4 	 Test r2: 0.6479 	 Test Loss: 0.0249 	 Test MAE: 0.0844
Fold: 5 	 Test r2: 0.5774 	 Test Loss: 0.0141 	 Test MAE: 0.0853
Final avg. r2:  0.5906770020087804
Final avg. MSE: 0.01890726197588995
Final avg. MAE: 0.09101708881671028
R2: 0.5906770020087804 +- 0.0
MAE: 0.09101708881671028 +- 0.0
