Fold: 1 	 Test r2: 0.5043 	 Test Loss: 0.0189 	 Test MAE: 0.0890
Fold: 2 	 Test r2: 0.7633 	 Test Loss: 0.0136 	 Test MAE: 0.0798
Fold: 3 	 Test r2: 0.7126 	 Test Loss: 0.0102 	 Test MAE: 0.0664
Fold: 4 	 Test r2: 0.7476 	 Test Loss: 0.0099 	 Test MAE: 0.0730
Fold: 5 	 Test r2: 0.6986 	 Test Loss: 0.0195 	 Test MAE: 0.0907
Final avg. r2:  0.6852585590478351
Final avg. MSE: 0.014409825464724394
Final avg. MAE: 0.07976275127393757
R2: 0.6852585590478351 +- 0.0
MAE: 0.07976275127393757 +- 0.0
