Fold: 1 	 Test r2: 0.7215 	 Test Loss: 0.0119 	 Test MAE: 0.0841
Fold: 2 	 Test r2: 0.5893 	 Test Loss: 0.0159 	 Test MAE: 0.1012
Fold: 3 	 Test r2: 0.6724 	 Test Loss: 0.0217 	 Test MAE: 0.0877
Fold: 4 	 Test r2: 0.4515 	 Test Loss: 0.0205 	 Test MAE: 0.0925
Fold: 5 	 Test r2: 0.7016 	 Test Loss: 0.0146 	 Test MAE: 0.0847
Final avg. r2:  0.6272710511340509
Final avg. MSE: 0.01690942093445133
Final avg. MAE: 0.09005087501413765
R2: 0.6272710511340509 +- 0.0
MAE: 0.09005087501413765 +- 0.0
