Fold: 1 	 Test r2: 0.7554 	 Test Loss: 0.0097 	 Test MAE: 0.0632
Fold: 2 	 Test r2: 0.6448 	 Test Loss: 0.0147 	 Test MAE: 0.0915
Fold: 3 	 Test r2: 0.7662 	 Test Loss: 0.0071 	 Test MAE: 0.0634
Fold: 4 	 Test r2: 0.6099 	 Test Loss: 0.0263 	 Test MAE: 0.0970
Fold: 5 	 Test r2: 0.5284 	 Test Loss: 0.0255 	 Test MAE: 0.1008
Final avg. r2:  0.6609256392236337
Final avg. MSE: 0.01666087864185078
Final avg. MAE: 0.08319479484795307
R2: 0.6609256392236337 +- 0.0
MAE: 0.08319479484795307 +- 0.0
