Fold: 1 	 Test r2: 0.7060 	 Test Loss: 0.0223 	 Test MAE: 0.0919
Fold: 2 	 Test r2: 0.6662 	 Test Loss: 0.0132 	 Test MAE: 0.0744
Fold: 3 	 Test r2: 0.3769 	 Test Loss: 0.0165 	 Test MAE: 0.0862
Fold: 4 	 Test r2: 0.7607 	 Test Loss: 0.0072 	 Test MAE: 0.0563
Fold: 5 	 Test r2: 0.8133 	 Test Loss: 0.0107 	 Test MAE: 0.0744
Final avg. r2:  0.6646055882302828
Final avg. MSE: 0.013969312388364371
Final avg. MAE: 0.07662254591301387
R2: 0.6646055882302828 +- 0.0
MAE: 0.07662254591301387 +- 0.0
