Fold: 1 	 Test r2: 0.6257 	 Test Loss: 0.0272 	 Test MAE: 0.0988
Fold: 2 	 Test r2: 0.7433 	 Test Loss: 0.0098 	 Test MAE: 0.0671
Fold: 3 	 Test r2: 0.6578 	 Test Loss: 0.0118 	 Test MAE: 0.0772
Fold: 4 	 Test r2: 0.6052 	 Test Loss: 0.0139 	 Test MAE: 0.0812
Fold: 5 	 Test r2: 0.7691 	 Test Loss: 0.0119 	 Test MAE: 0.0809
Final avg. r2:  0.6802085901123913
Final avg. MSE: 0.014912819651093229
Final avg. MAE: 0.08103916691869599
R2: 0.6802085901123913 +- 0.0
MAE: 0.08103916691869599 +- 0.0
