Fold: 1 	 Test r2: 0.6839 	 Test Loss: 0.0233 	 Test MAE: 0.0867
Fold: 2 	 Test r2: 0.7226 	 Test Loss: 0.0145 	 Test MAE: 0.0858
Fold: 3 	 Test r2: 0.6776 	 Test Loss: 0.0147 	 Test MAE: 0.0775
Fold: 4 	 Test r2: 0.5278 	 Test Loss: 0.0116 	 Test MAE: 0.0881
Fold: 5 	 Test r2: 0.5616 	 Test Loss: 0.0146 	 Test MAE: 0.0838
Final avg. r2:  0.6346858688800545
Final avg. MSE: 0.015734224987354196
Final avg. MAE: 0.08434957592640402
R2: 0.6346858688800545 +- 0.0
MAE: 0.08434957592640402 +- 0.0
