Fold: 1 	 Test r2: 0.6982 	 Test Loss: 0.0111 	 Test MAE: 0.0793
Fold: 2 	 Test r2: 0.1995 	 Test Loss: 0.0332 	 Test MAE: 0.1325
Fold: 3 	 Test r2: 0.7193 	 Test Loss: 0.0195 	 Test MAE: 0.0980
Fold: 4 	 Test r2: 0.6022 	 Test Loss: 0.0215 	 Test MAE: 0.1103
Fold: 5 	 Test r2: 0.7585 	 Test Loss: 0.0073 	 Test MAE: 0.0675
Final avg. r2:  0.5955561829573577
Final avg. MSE: 0.018512305241126313
Final avg. MAE: 0.09751095607636028
R2: 0.5955561829573577 +- 0.0
MAE: 0.09751095607636028 +- 0.0
