Fold: 1 	 Test r2: 0.6000 	 Test Loss: 0.0131 	 Test MAE: 0.0875
Fold: 2 	 Test r2: 0.5908 	 Test Loss: 0.0254 	 Test MAE: 0.0872
Fold: 3 	 Test r2: 0.6005 	 Test Loss: 0.0203 	 Test MAE: 0.0909
Fold: 4 	 Test r2: 0.6999 	 Test Loss: 0.0102 	 Test MAE: 0.0762
Fold: 5 	 Test r2: 0.7067 	 Test Loss: 0.0159 	 Test MAE: 0.0890
Final avg. r2:  0.6395840107581137
Final avg. MSE: 0.01697778195919631
Final avg. MAE: 0.08613930372457926
R2: 0.6395840107581137 +- 0.0
MAE: 0.08613930372457926 +- 0.0
