Fold: 1 	 Test r2: 0.7024 	 Test Loss: 0.0122 	 Test MAE: 0.0834
Fold: 2 	 Test r2: 0.7190 	 Test Loss: 0.0150 	 Test MAE: 0.0970
Fold: 3 	 Test r2: 0.5092 	 Test Loss: 0.0160 	 Test MAE: 0.0970
Fold: 4 	 Test r2: 0.5428 	 Test Loss: 0.0268 	 Test MAE: 0.0838
Fold: 5 	 Test r2: 0.6124 	 Test Loss: 0.0186 	 Test MAE: 0.0952
Final avg. r2:  0.6171424985187575
Final avg. MSE: 0.01770743902939378
Final avg. MAE: 0.09129369593396479
R2: 0.6171424985187575 +- 0.0
MAE: 0.09129369593396479 +- 0.0
