Fold: 1 	 Test r2: 0.6857 	 Test Loss: 0.0169 	 Test MAE: 0.0947
Fold: 2 	 Test r2: 0.7022 	 Test Loss: 0.0250 	 Test MAE: 0.1029
Fold: 3 	 Test r2: 0.6552 	 Test Loss: 0.0106 	 Test MAE: 0.0757
Fold: 4 	 Test r2: 0.5178 	 Test Loss: 0.0136 	 Test MAE: 0.0862
Fold: 5 	 Test r2: -0.8052 	 Test Loss: 0.0604 	 Test MAE: 0.1178
Final avg. r2:  0.3511471601664624
Final avg. MSE: 0.025280072389078
Final avg. MAE: 0.09546637006522138
R2: 0.3511471601664624 +- 0.0
MAE: 0.09546637006522138 +- 0.0
