Fold: 1 	 Test r2: 0.5721 	 Test Loss: 0.0088 	 Test MAE: 0.0710
Fold: 2 	 Test r2: 0.6971 	 Test Loss: 0.0133 	 Test MAE: 0.0764
Fold: 3 	 Test r2: 0.8038 	 Test Loss: 0.0133 	 Test MAE: 0.0756
Fold: 4 	 Test r2: 0.7314 	 Test Loss: 0.0122 	 Test MAE: 0.0807
Fold: 5 	 Test r2: 0.6215 	 Test Loss: 0.0187 	 Test MAE: 0.0901
Final avg. r2:  0.685192190531503
Final avg. MSE: 0.013272755445371941
Final avg. MAE: 0.07874556923234442
R2: 0.685192190531503 +- 0.0
MAE: 0.07874556923234442 +- 0.0
