Fold: 1 	 Test r2: 0.8946 	 Test Loss: 0.0040 	 Test MAE: 0.0459
Fold: 2 	 Test r2: 0.8119 	 Test Loss: 0.0095 	 Test MAE: 0.0653
Fold: 3 	 Test r2: 0.4158 	 Test Loss: 0.0180 	 Test MAE: 0.0952
Fold: 4 	 Test r2: 0.8243 	 Test Loss: 0.0064 	 Test MAE: 0.0640
Fold: 5 	 Test r2: 0.7102 	 Test Loss: 0.0220 	 Test MAE: 0.0941
Final avg. r2:  0.7313575030907322
Final avg. MSE: 0.011974815359593183
Final avg. MAE: 0.07288093539588406
R2: 0.7313575030907322 +- 0.0
MAE: 0.07288093539588406 +- 0.0
