Fold: 1 	 Test r2: 0.7954 	 Test Loss: 0.0110 	 Test MAE: 0.0771
Fold: 2 	 Test r2: 0.7065 	 Test Loss: 0.0104 	 Test MAE: 0.0758
Fold: 3 	 Test r2: 0.7727 	 Test Loss: 0.0156 	 Test MAE: 0.0651
Fold: 4 	 Test r2: 0.4780 	 Test Loss: 0.0199 	 Test MAE: 0.0902
Fold: 5 	 Test r2: 0.8135 	 Test Loss: 0.0068 	 Test MAE: 0.0592
Final avg. r2:  0.7132288483474672
Final avg. MSE: 0.012742713696284418
Final avg. MAE: 0.07348007008458683
R2: 0.7132288483474672 +- 0.0
MAE: 0.07348007008458683 +- 0.0
