Fold: 1 	 Test r2: 0.7796 	 Test Loss: 0.0100 	 Test MAE: 0.0752
Fold: 2 	 Test r2: 0.7889 	 Test Loss: 0.0103 	 Test MAE: 0.0741
Fold: 3 	 Test r2: 0.5730 	 Test Loss: 0.0258 	 Test MAE: 0.0874
Fold: 4 	 Test r2: 0.8306 	 Test Loss: 0.0065 	 Test MAE: 0.0630
Fold: 5 	 Test r2: 0.5899 	 Test Loss: 0.0168 	 Test MAE: 0.0799
Final avg. r2:  0.7124160091378322
Final avg. MSE: 0.013874116334548875
Final avg. MAE: 0.07593863302601031
R2: 0.7124160091378322 +- 0.0
MAE: 0.07593863302601031 +- 0.0
