Fold: 1 	 Test r2: 0.6307 	 Test Loss: 0.0250 	 Test MAE: 0.0808
Fold: 2 	 Test r2: 0.6954 	 Test Loss: 0.0152 	 Test MAE: 0.0925
Fold: 3 	 Test r2: 0.7663 	 Test Loss: 0.0119 	 Test MAE: 0.0846
Fold: 4 	 Test r2: 0.5107 	 Test Loss: 0.0130 	 Test MAE: 0.0858
Fold: 5 	 Test r2: 0.5240 	 Test Loss: 0.0183 	 Test MAE: 0.0983
Final avg. r2:  0.6254098296031645
Final avg. MSE: 0.01667099624311899
Final avg. MAE: 0.08839099735059604
R2: 0.6254098296031645 +- 0.0
MAE: 0.08839099735059604 +- 0.0
