Fold: 1 	 Test r2: 0.7464 	 Test Loss: 0.0176 	 Test MAE: 0.0790
Fold: 2 	 Test r2: 0.6798 	 Test Loss: 0.0156 	 Test MAE: 0.0871
Fold: 3 	 Test r2: 0.8777 	 Test Loss: 0.0055 	 Test MAE: 0.0548
Fold: 4 	 Test r2: 0.5144 	 Test Loss: 0.0152 	 Test MAE: 0.0820
Fold: 5 	 Test r2: 0.6727 	 Test Loss: 0.0135 	 Test MAE: 0.0823
Final avg. r2:  0.6981929549928274
Final avg. MSE: 0.013473331943723308
Final avg. MAE: 0.07705882157572881
R2: 0.6981929549928274 +- 0.0
MAE: 0.07705882157572881 +- 0.0
