Fold: 1 	 Test r2: 0.6585 	 Test Loss: 0.0234 	 Test MAE: 0.0848
Fold: 2 	 Test r2: 0.4756 	 Test Loss: 0.0162 	 Test MAE: 0.0929
Fold: 3 	 Test r2: 0.6860 	 Test Loss: 0.0153 	 Test MAE: 0.0957
Fold: 4 	 Test r2: 0.5003 	 Test Loss: 0.0173 	 Test MAE: 0.0880
Fold: 5 	 Test r2: 0.7895 	 Test Loss: 0.0103 	 Test MAE: 0.0861
Final avg. r2:  0.621982066102982
Final avg. MSE: 0.016494275868670402
Final avg. MAE: 0.08950570443467724
R2: 0.621982066102982 +- 0.0
MAE: 0.08950570443467724 +- 0.0
