Fold: 1 	 Test r2: 0.7234 	 Test Loss: 0.0116 	 Test MAE: 0.0830
Fold: 2 	 Test r2: 0.5170 	 Test Loss: 0.0237 	 Test MAE: 0.1116
Fold: 3 	 Test r2: 0.6204 	 Test Loss: 0.0243 	 Test MAE: 0.0820
Fold: 4 	 Test r2: 0.6013 	 Test Loss: 0.0109 	 Test MAE: 0.0813
Fold: 5 	 Test r2: 0.6404 	 Test Loss: 0.0175 	 Test MAE: 0.0915
Final avg. r2:  0.6204982633368797
Final avg. MSE: 0.01759241379942448
Final avg. MAE: 0.08989638785141058
R2: 0.6204982633368797 +- 0.0
MAE: 0.08989638785141058 +- 0.0
