Fold: 1 	 Test r2: 0.5104 	 Test Loss: 0.0151 	 Test MAE: 0.0932
Fold: 2 	 Test r2: 0.7308 	 Test Loss: 0.0117 	 Test MAE: 0.0853
Fold: 3 	 Test r2: 0.6924 	 Test Loss: 0.0173 	 Test MAE: 0.0917
Fold: 4 	 Test r2: 0.7464 	 Test Loss: 0.0066 	 Test MAE: 0.0601
Fold: 5 	 Test r2: 0.6845 	 Test Loss: 0.0228 	 Test MAE: 0.0872
Final avg. r2:  0.6728904744702163
Final avg. MSE: 0.01468942168415339
Final avg. MAE: 0.0834856813019585
R2: 0.6728904744702163 +- 0.0
MAE: 0.0834856813019585 +- 0.0
