Fold: 1 	 Test r2: 0.5195 	 Test Loss: 0.0189 	 Test MAE: 0.0968
Fold: 2 	 Test r2: 0.5545 	 Test Loss: 0.0328 	 Test MAE: 0.1081
Fold: 3 	 Test r2: 0.5818 	 Test Loss: 0.0158 	 Test MAE: 0.0919
Fold: 4 	 Test r2: 0.4400 	 Test Loss: 0.0215 	 Test MAE: 0.0979
Fold: 5 	 Test r2: 0.7267 	 Test Loss: 0.0122 	 Test MAE: 0.0874
Final avg. r2:  0.5645221607733228
Final avg. MSE: 0.02022174158518308
Final avg. MAE: 0.09641186676691381
R2: 0.5645221607733228 +- 0.0
MAE: 0.09641186676691381 +- 0.0
