Fold: 1 	 Test r2: 0.5032 	 Test Loss: 0.0123 	 Test MAE: 0.0735
Fold: 2 	 Test r2: 0.7243 	 Test Loss: 0.0163 	 Test MAE: 0.0985
Fold: 3 	 Test r2: 0.6337 	 Test Loss: 0.0197 	 Test MAE: 0.0744
Fold: 4 	 Test r2: 0.6427 	 Test Loss: 0.0170 	 Test MAE: 0.0916
Fold: 5 	 Test r2: 0.7728 	 Test Loss: 0.0104 	 Test MAE: 0.0653
Final avg. r2:  0.6553473858367551
Final avg. MSE: 0.015132204898316248
Final avg. MAE: 0.08065163191141826
R2: 0.6553473858367551 +- 0.0
MAE: 0.08065163191141826 +- 0.0
