Fold: 1 	 Test r2: 0.5792 	 Test Loss: 0.0270 	 Test MAE: 0.0972
Fold: 2 	 Test r2: 0.5376 	 Test Loss: 0.0202 	 Test MAE: 0.1091
Fold: 3 	 Test r2: 0.6980 	 Test Loss: 0.0130 	 Test MAE: 0.0893
Fold: 4 	 Test r2: 0.7587 	 Test Loss: 0.0113 	 Test MAE: 0.0844
Fold: 5 	 Test r2: 0.7411 	 Test Loss: 0.0096 	 Test MAE: 0.0746
Final avg. r2:  0.6629013813013043
Final avg. MSE: 0.016209899292369816
Final avg. MAE: 0.09093135580433166
R2: 0.6629013813013043 +- 0.0
MAE: 0.09093135580433166 +- 0.0
