Fold: 1 	 Test r2: 0.7389 	 Test Loss: 0.0091 	 Test MAE: 0.0788
Fold: 2 	 Test r2: 0.5042 	 Test Loss: 0.0154 	 Test MAE: 0.0736
Fold: 3 	 Test r2: 0.4699 	 Test Loss: 0.0152 	 Test MAE: 0.0889
Fold: 4 	 Test r2: 0.7751 	 Test Loss: 0.0110 	 Test MAE: 0.0814
Fold: 5 	 Test r2: 0.5919 	 Test Loss: 0.0355 	 Test MAE: 0.1012
Final avg. r2:  0.6159873277771962
Final avg. MSE: 0.017230469949042114
Final avg. MAE: 0.0847724530649479
R2: 0.6159873277771962 +- 0.0
MAE: 0.0847724530649479 +- 0.0
