Fold: 1 	 Test r2: 0.5703 	 Test Loss: 0.0287 	 Test MAE: 0.0932
Fold: 2 	 Test r2: 0.6832 	 Test Loss: 0.0181 	 Test MAE: 0.1041
Fold: 3 	 Test r2: 0.6542 	 Test Loss: 0.0159 	 Test MAE: 0.1035
Fold: 4 	 Test r2: 0.6498 	 Test Loss: 0.0103 	 Test MAE: 0.0702
Fold: 5 	 Test r2: 0.3241 	 Test Loss: 0.0233 	 Test MAE: 0.1232
Final avg. r2:  0.5763282692233206
Final avg. MSE: 0.019259533659155854
Final avg. MAE: 0.09885431224619654
R2: 0.5763282692233206 +- 0.0
MAE: 0.09885431224619654 +- 0.0
