Fold: 1 	 Test r2: 0.6460 	 Test Loss: 0.0271 	 Test MAE: 0.0885
Fold: 2 	 Test r2: 0.6499 	 Test Loss: 0.0186 	 Test MAE: 0.1016
Fold: 3 	 Test r2: 0.5616 	 Test Loss: 0.0146 	 Test MAE: 0.0810
Fold: 4 	 Test r2: 0.6711 	 Test Loss: 0.0124 	 Test MAE: 0.0858
Fold: 5 	 Test r2: 0.7458 	 Test Loss: 0.0085 	 Test MAE: 0.0665
Final avg. r2:  0.6548604472285269
Final avg. MSE: 0.016244011453917552
Final avg. MAE: 0.08469189509660716
R2: 0.6548604472285269 +- 0.0
MAE: 0.08469189509660716 +- 0.0
