Fold: 1 	 Test r2: 0.6446 	 Test Loss: 0.0102 	 Test MAE: 0.0703
Fold: 2 	 Test r2: 0.6222 	 Test Loss: 0.0182 	 Test MAE: 0.0947
Fold: 3 	 Test r2: 0.6592 	 Test Loss: 0.0237 	 Test MAE: 0.0751
Fold: 4 	 Test r2: 0.6298 	 Test Loss: 0.0138 	 Test MAE: 0.0908
Fold: 5 	 Test r2: 0.7623 	 Test Loss: 0.0115 	 Test MAE: 0.0823
Final avg. r2:  0.6636291342020252
Final avg. MSE: 0.015485754916441444
Final avg. MAE: 0.08264722270118136
R2: 0.6636291342020252 +- 0.0
MAE: 0.08264722270118136 +- 0.0
