Fold: 1 	 Test r2: 0.6541 	 Test Loss: 0.0213 	 Test MAE: 0.0815
Fold: 2 	 Test r2: 0.7755 	 Test Loss: 0.0099 	 Test MAE: 0.0657
Fold: 3 	 Test r2: 0.7842 	 Test Loss: 0.0097 	 Test MAE: 0.0714
Fold: 4 	 Test r2: 0.6548 	 Test Loss: 0.0122 	 Test MAE: 0.0795
Fold: 5 	 Test r2: 0.7311 	 Test Loss: 0.0128 	 Test MAE: 0.0706
Final avg. r2:  0.7199234880996233
Final avg. MSE: 0.013184671838379083
Final avg. MAE: 0.07375101023321959
R2: 0.7199234880996233 +- 0.0
MAE: 0.07375101023321959 +- 0.0
