Fold: 1 	 Test r2: 0.6327 	 Test Loss: 0.0139 	 Test MAE: 0.0762
Fold: 2 	 Test r2: 0.8062 	 Test Loss: 0.0107 	 Test MAE: 0.0783
Fold: 3 	 Test r2: 0.5380 	 Test Loss: 0.0357 	 Test MAE: 0.1128
Fold: 4 	 Test r2: 0.2762 	 Test Loss: 0.0196 	 Test MAE: 0.0985
Fold: 5 	 Test r2: 0.0570 	 Test Loss: 0.0352 	 Test MAE: 0.1007
Final avg. r2:  0.4620304169596416
Final avg. MSE: 0.02300703229374813
Final avg. MAE: 0.09327371281248574
R2: 0.4620304169596416 +- 0.0
MAE: 0.09327371281248574 +- 0.0
