Fold: 1 	 Test r2: 0.7108 	 Test Loss: 0.0143 	 Test MAE: 0.0880
Fold: 2 	 Test r2: 0.5386 	 Test Loss: 0.0300 	 Test MAE: 0.1036
Fold: 3 	 Test r2: 0.6408 	 Test Loss: 0.0138 	 Test MAE: 0.0848
Fold: 4 	 Test r2: 0.6622 	 Test Loss: 0.0184 	 Test MAE: 0.1018
Fold: 5 	 Test r2: 0.2892 	 Test Loss: 0.0201 	 Test MAE: 0.1061
Final avg. r2:  0.5682924271160665
Final avg. MSE: 0.01932002248108642
Final avg. MAE: 0.09685974392824534
R2: 0.5682924271160665 +- 0.0
MAE: 0.09685974392824534 +- 0.0
