Fold: 1 	 Test r2: 0.8376 	 Test Loss: 0.0071 	 Test MAE: 0.0615
Fold: 2 	 Test r2: 0.8235 	 Test Loss: 0.0105 	 Test MAE: 0.0724
Fold: 3 	 Test r2: 0.6175 	 Test Loss: 0.0257 	 Test MAE: 0.0848
Fold: 4 	 Test r2: 0.6906 	 Test Loss: 0.0089 	 Test MAE: 0.0708
Fold: 5 	 Test r2: 0.6482 	 Test Loss: 0.0122 	 Test MAE: 0.0662
Final avg. r2:  0.7234945782474798
Final avg. MSE: 0.012889069598231157
Final avg. MAE: 0.07113799740604701
R2: 0.7234945782474798 +- 0.0
MAE: 0.07113799740604701 +- 0.0
