Fold: 1 	 Test r2: 0.8288 	 Test Loss: 0.0061 	 Test MAE: 0.0536
Fold: 2 	 Test r2: 0.8756 	 Test Loss: 0.0074 	 Test MAE: 0.0643
Fold: 3 	 Test r2: 0.3408 	 Test Loss: 0.0153 	 Test MAE: 0.0842
Fold: 4 	 Test r2: 0.5283 	 Test Loss: 0.0212 	 Test MAE: 0.0941
Fold: 5 	 Test r2: 0.7126 	 Test Loss: 0.0202 	 Test MAE: 0.0825
Final avg. r2:  0.6572038752271517
Final avg. MSE: 0.014042752379922935
Final avg. MAE: 0.07575826188169268
R2: 0.6572038752271517 +- 0.0
MAE: 0.07575826188169268 +- 0.0
