Fold: 1 	 Test r2: 0.6589 	 Test Loss: 0.0128 	 Test MAE: 0.0888
Fold: 2 	 Test r2: 0.7059 	 Test Loss: 0.0213 	 Test MAE: 0.0918
Fold: 3 	 Test r2: 0.8614 	 Test Loss: 0.0063 	 Test MAE: 0.0613
Fold: 4 	 Test r2: 0.8433 	 Test Loss: 0.0055 	 Test MAE: 0.0581
Fold: 5 	 Test r2: 0.6957 	 Test Loss: 0.0134 	 Test MAE: 0.0795
Final avg. r2:  0.7530497333500591
Final avg. MSE: 0.011873623034548813
Final avg. MAE: 0.0758903195492315
R2: 0.7530497333500591 +- 0.0
MAE: 0.0758903195492315 +- 0.0
