Fold: 1 	 Test r2: 0.7479 	 Test Loss: 0.0104 	 Test MAE: 0.0722
Fold: 2 	 Test r2: 0.6162 	 Test Loss: 0.0256 	 Test MAE: 0.0860
Fold: 3 	 Test r2: 0.8698 	 Test Loss: 0.0070 	 Test MAE: 0.0600
Fold: 4 	 Test r2: 0.7750 	 Test Loss: 0.0082 	 Test MAE: 0.0615
Fold: 5 	 Test r2: 0.6214 	 Test Loss: 0.0127 	 Test MAE: 0.0708
Final avg. r2:  0.726069908536868
Final avg. MSE: 0.012776172738220659
Final avg. MAE: 0.07010141911149835
R2: 0.726069908536868 +- 0.0
MAE: 0.07010141911149835 +- 0.0
