Fold: 1 	 Test r2: 0.7095 	 Test Loss: 0.0131 	 Test MAE: 0.0848
Fold: 2 	 Test r2: 0.3274 	 Test Loss: 0.0183 	 Test MAE: 0.0880
Fold: 3 	 Test r2: 0.6334 	 Test Loss: 0.0276 	 Test MAE: 0.0835
Fold: 4 	 Test r2: 0.6831 	 Test Loss: 0.0150 	 Test MAE: 0.0927
Fold: 5 	 Test r2: 0.5583 	 Test Loss: 0.0173 	 Test MAE: 0.0963
Final avg. r2:  0.582343264681813
Final avg. MSE: 0.01825252949192705
Final avg. MAE: 0.08907951416992614
R2: 0.582343264681813 +- 0.0
MAE: 0.08907951416992614 +- 0.0
