Fold: 1 	 Test r2: 0.6396 	 Test Loss: 0.0122 	 Test MAE: 0.0819
Fold: 2 	 Test r2: 0.5735 	 Test Loss: 0.0163 	 Test MAE: 0.0829
Fold: 3 	 Test r2: 0.9020 	 Test Loss: 0.0050 	 Test MAE: 0.0515
Fold: 4 	 Test r2: 0.6629 	 Test Loss: 0.0228 	 Test MAE: 0.0815
Fold: 5 	 Test r2: 0.7071 	 Test Loss: 0.0125 	 Test MAE: 0.0785
Final avg. r2:  0.6970198005079453
Final avg. MSE: 0.01376520944113854
Final avg. MAE: 0.07526227987504432
R2: 0.6970198005079453 +- 0.0
MAE: 0.07526227987504432 +- 0.0
