Fold: 1 	 Test r2: 0.6737 	 Test Loss: 0.0223 	 Test MAE: 0.0861
Fold: 2 	 Test r2: 0.7764 	 Test Loss: 0.0092 	 Test MAE: 0.0634
Fold: 3 	 Test r2: 0.7162 	 Test Loss: 0.0099 	 Test MAE: 0.0687
Fold: 4 	 Test r2: 0.7068 	 Test Loss: 0.0130 	 Test MAE: 0.0904
Fold: 5 	 Test r2: 0.7600 	 Test Loss: 0.0109 	 Test MAE: 0.0717
Final avg. r2:  0.7266401156616299
Final avg. MSE: 0.013059890488430074
Final avg. MAE: 0.07606961840991767
R2: 0.7266401156616299 +- 0.0
MAE: 0.07606961840991767 +- 0.0
