Fold: 1 	 Test r2: 0.8172 	 Test Loss: 0.0082 	 Test MAE: 0.0662
Fold: 2 	 Test r2: 0.8242 	 Test Loss: 0.0082 	 Test MAE: 0.0721
Fold: 3 	 Test r2: 0.5918 	 Test Loss: 0.0113 	 Test MAE: 0.0707
Fold: 4 	 Test r2: 0.7491 	 Test Loss: 0.0165 	 Test MAE: 0.0779
Fold: 5 	 Test r2: 0.6569 	 Test Loss: 0.0163 	 Test MAE: 0.0818
Final avg. r2:  0.7278297788785251
Final avg. MSE: 0.012108404483019234
Final avg. MAE: 0.07375388674780119
R2: 0.7278297788785251 +- 0.0
MAE: 0.07375388674780119 +- 0.0
