Fold: 1 	 Test r2: 0.6454 	 Test Loss: 0.0254 	 Test MAE: 0.0846
Fold: 2 	 Test r2: 0.7502 	 Test Loss: 0.0110 	 Test MAE: 0.0637
Fold: 3 	 Test r2: 0.8684 	 Test Loss: 0.0070 	 Test MAE: 0.0681
Fold: 4 	 Test r2: 0.6265 	 Test Loss: 0.0121 	 Test MAE: 0.0789
Fold: 5 	 Test r2: 0.6437 	 Test Loss: 0.0117 	 Test MAE: 0.0756
Final avg. r2:  0.7068340412926818
Final avg. MSE: 0.013446364333814093
Final avg. MAE: 0.07418080043541839
R2: 0.7068340412926818 +- 0.0
MAE: 0.07418080043541839 +- 0.0
