Fold: 1 	 Test r2: 0.4868 	 Test Loss: 0.0240 	 Test MAE: 0.1251
Fold: 2 	 Test r2: 0.4489 	 Test Loss: 0.0218 	 Test MAE: 0.1086
Fold: 3 	 Test r2: 0.8025 	 Test Loss: 0.0071 	 Test MAE: 0.0670
Fold: 4 	 Test r2: 0.5557 	 Test Loss: 0.0339 	 Test MAE: 0.1087
Fold: 5 	 Test r2: 0.6916 	 Test Loss: 0.0098 	 Test MAE: 0.0720
Final avg. r2:  0.5970934026716467
Final avg. MSE: 0.019318270799564743
Final avg. MAE: 0.09628469662449393
R2: 0.5970934026716467 +- 0.0
MAE: 0.09628469662449393 +- 0.0
