Fold: 1 	 Test r2: 0.7543 	 Test Loss: 0.0098 	 Test MAE: 0.0795
Fold: 2 	 Test r2: 0.6171 	 Test Loss: 0.0250 	 Test MAE: 0.0888
Fold: 3 	 Test r2: 0.5753 	 Test Loss: 0.0241 	 Test MAE: 0.1145
Fold: 4 	 Test r2: 0.6487 	 Test Loss: 0.0140 	 Test MAE: 0.0878
Fold: 5 	 Test r2: 0.6357 	 Test Loss: 0.0122 	 Test MAE: 0.0695
Final avg. r2:  0.6462133935463406
Final avg. MSE: 0.01703001144223438
Final avg. MAE: 0.08798786730879321
R2: 0.6462133935463406 +- 0.0
MAE: 0.08798786730879321 +- 0.0
