Fold: 1 	 Test r2: 0.6032 	 Test Loss: 0.0279 	 Test MAE: 0.0862
Fold: 2 	 Test r2: 0.6308 	 Test Loss: 0.0193 	 Test MAE: 0.1014
Fold: 3 	 Test r2: 0.6599 	 Test Loss: 0.0106 	 Test MAE: 0.0764
Fold: 4 	 Test r2: 0.6278 	 Test Loss: 0.0109 	 Test MAE: 0.0767
Fold: 5 	 Test r2: 0.6759 	 Test Loss: 0.0151 	 Test MAE: 0.0896
Final avg. r2:  0.6395091374781776
Final avg. MSE: 0.016742250523257403
Final avg. MAE: 0.0860709678292984
R2: 0.6395091374781776 +- 0.0
MAE: 0.0860709678292984 +- 0.0
