Fold: 1 	 Test r2: 0.6618 	 Test Loss: 0.0161 	 Test MAE: 0.0843
Fold: 2 	 Test r2: 0.7649 	 Test Loss: 0.0069 	 Test MAE: 0.0649
Fold: 3 	 Test r2: 0.7835 	 Test Loss: 0.0097 	 Test MAE: 0.0697
Fold: 4 	 Test r2: 0.4643 	 Test Loss: 0.0234 	 Test MAE: 0.1102
Fold: 5 	 Test r2: 0.5143 	 Test Loss: 0.0338 	 Test MAE: 0.0973
Final avg. r2:  0.6377597122105702
Final avg. MSE: 0.01795892326957015
Final avg. MAE: 0.0853001653153424
R2: 0.6377597122105702 +- 0.0
MAE: 0.0853001653153424 +- 0.0
