Fold: 1 	 Test r2: 0.7862 	 Test Loss: 0.0127 	 Test MAE: 0.0821
Fold: 2 	 Test r2: 0.4902 	 Test Loss: 0.0189 	 Test MAE: 0.0892
Fold: 3 	 Test r2: 0.7335 	 Test Loss: 0.0086 	 Test MAE: 0.0714
Fold: 4 	 Test r2: 0.8286 	 Test Loss: 0.0076 	 Test MAE: 0.0686
Fold: 5 	 Test r2: 0.6141 	 Test Loss: 0.0234 	 Test MAE: 0.0773
Final avg. r2:  0.6905299767913745
Final avg. MSE: 0.01423528077254511
Final avg. MAE: 0.07771228512014156
R2: 0.6905299767913745 +- 0.0
MAE: 0.07771228512014156 +- 0.0
