Fold: 1 	 Test r2: 0.6656 	 Test Loss: 0.0114 	 Test MAE: 0.0789
Fold: 2 	 Test r2: 0.6381 	 Test Loss: 0.0160 	 Test MAE: 0.0816
Fold: 3 	 Test r2: 0.7189 	 Test Loss: 0.0135 	 Test MAE: 0.0849
Fold: 4 	 Test r2: 0.7403 	 Test Loss: 0.0186 	 Test MAE: 0.0701
Fold: 5 	 Test r2: 0.6570 	 Test Loss: 0.0124 	 Test MAE: 0.0725
Final avg. r2:  0.6839696696725627
Final avg. MSE: 0.014371209421939698
Final avg. MAE: 0.07761147510273014
R2: 0.6839696696725627 +- 0.0
MAE: 0.07761147510273014 +- 0.0
