Fold: 1 	 Test r2: 0.7851 	 Test Loss: 0.0058 	 Test MAE: 0.0568
Fold: 2 	 Test r2: 0.5976 	 Test Loss: 0.0112 	 Test MAE: 0.0765
Fold: 3 	 Test r2: 0.7980 	 Test Loss: 0.0102 	 Test MAE: 0.0726
Fold: 4 	 Test r2: 0.5620 	 Test Loss: 0.0207 	 Test MAE: 0.0990
Fold: 5 	 Test r2: 0.6807 	 Test Loss: 0.0240 	 Test MAE: 0.0893
Final avg. r2:  0.6846850075440379
Final avg. MSE: 0.014377348109075311
Final avg. MAE: 0.07883764176825885
R2: 0.6846850075440379 +- 0.0
MAE: 0.07883764176825885 +- 0.0
