Fold: 1 	 Test r2: 0.6964 	 Test Loss: 0.0162 	 Test MAE: 0.0916
Fold: 2 	 Test r2: 0.3645 	 Test Loss: 0.0191 	 Test MAE: 0.1067
Fold: 3 	 Test r2: 0.5952 	 Test Loss: 0.0196 	 Test MAE: 0.1027
Fold: 4 	 Test r2: 0.6819 	 Test Loss: 0.0236 	 Test MAE: 0.1068
Fold: 5 	 Test r2: 0.6150 	 Test Loss: 0.0107 	 Test MAE: 0.0797
Final avg. r2:  0.590605965695352
Final avg. MSE: 0.017814484578396468
Final avg. MAE: 0.09750256808791438
R2: 0.590605965695352 +- 0.0
MAE: 0.09750256808791438 +- 0.0
