Fold: 1 	 Test r2: -0.2214 	 Test Loss: 0.0373 	 Test MAE: 0.1329
Fold: 2 	 Test r2: -0.0401 	 Test Loss: 0.0388 	 Test MAE: 0.1353
Fold: 3 	 Test r2: 0.4202 	 Test Loss: 0.0218 	 Test MAE: 0.1166
Fold: 4 	 Test r2: 0.5220 	 Test Loss: 0.0226 	 Test MAE: 0.1043
Fold: 5 	 Test r2: 0.3866 	 Test Loss: 0.0478 	 Test MAE: 0.1492
Final avg. r2:  0.21345069442416742
Final avg. MSE: 0.0336485645022061
Final avg. MAE: 0.12763371084671035
R2: 0.21345069442416742 +- 0.0
MAE: 0.12763371084671035 +- 0.0
