Fold: 1 	 Test r2: 0.4150 	 Test Loss: 0.0242 	 Test MAE: 0.1196
Fold: 2 	 Test r2: 0.5092 	 Test Loss: 0.0279 	 Test MAE: 0.1185
Fold: 3 	 Test r2: 0.4162 	 Test Loss: 0.0189 	 Test MAE: 0.1006
Fold: 4 	 Test r2: 0.1581 	 Test Loss: 0.0525 	 Test MAE: 0.1350
Fold: 5 	 Test r2: 0.2379 	 Test Loss: 0.0295 	 Test MAE: 0.1288
Final avg. r2:  0.34729442872369926
Final avg. MSE: 0.030591574142764345
Final avg. MAE: 0.1204936479300666
R2: 0.34729442872369926 +- 0.0
MAE: 0.1204936479300666 +- 0.0
