Fold: 1 	 Test r2: 0.5391 	 Test Loss: 0.0211 	 Test MAE: 0.1025
Fold: 2 	 Test r2: 0.2178 	 Test Loss: 0.0225 	 Test MAE: 0.1127
Fold: 3 	 Test r2: 0.4331 	 Test Loss: 0.0285 	 Test MAE: 0.1217
Fold: 4 	 Test r2: 0.1395 	 Test Loss: 0.0600 	 Test MAE: 0.1580
Fold: 5 	 Test r2: -0.1087 	 Test Loss: 0.0416 	 Test MAE: 0.1383
Final avg. r2:  0.24417194664558356
Final avg. MSE: 0.03473256111287764
Final avg. MAE: 0.12665169699256923
R2: 0.24417194664558356 +- 0.0
MAE: 0.12665169699256923 +- 0.0
