Fold: 1 	 Test r2: 0.0259 	 Test Loss: 0.0348 	 Test MAE: 0.1470
Fold: 2 	 Test r2: 0.5673 	 Test Loss: 0.0153 	 Test MAE: 0.0979
Fold: 3 	 Test r2: 0.3187 	 Test Loss: 0.0578 	 Test MAE: 0.1652
Fold: 4 	 Test r2: 0.4746 	 Test Loss: 0.0209 	 Test MAE: 0.0977
Fold: 5 	 Test r2: 0.4811 	 Test Loss: 0.0204 	 Test MAE: 0.1031
Final avg. r2:  0.3735151319636829
Final avg. MSE: 0.02981555193994278
Final avg. MAE: 0.12218697269567524
R2: 0.3735151319636829 +- 0.0
MAE: 0.12218697269567524 +- 0.0
