Fold: 1 	 Test r2: 0.3088 	 Test Loss: 0.0572 	 Test MAE: 0.1446
Fold: 2 	 Test r2: 0.3309 	 Test Loss: 0.0300 	 Test MAE: 0.1173
Fold: 3 	 Test r2: 0.3231 	 Test Loss: 0.0263 	 Test MAE: 0.1181
Fold: 4 	 Test r2: 0.3322 	 Test Loss: 0.0243 	 Test MAE: 0.1236
Fold: 5 	 Test r2: 0.6549 	 Test Loss: 0.0105 	 Test MAE: 0.0803
Final avg. r2:  0.3899713270521465
Final avg. MSE: 0.029664026155704182
Final avg. MAE: 0.1167803590122585
R2: 0.3899713270521465 +- 0.0
MAE: 0.1167803590122585 +- 0.0
