Fold: 1 	 Test r2: 0.4850 	 Test Loss: 0.0219 	 Test MAE: 0.1095
Fold: 2 	 Test r2: 0.2885 	 Test Loss: 0.0372 	 Test MAE: 0.1342
Fold: 3 	 Test r2: 0.6727 	 Test Loss: 0.0171 	 Test MAE: 0.0963
Fold: 4 	 Test r2: 0.0495 	 Test Loss: 0.0317 	 Test MAE: 0.1313
Fold: 5 	 Test r2: 0.1224 	 Test Loss: 0.0466 	 Test MAE: 0.1297
Final avg. r2:  0.32362637491890867
Final avg. MSE: 0.03091161951883862
Final avg. MAE: 0.12019152557033867
R2: 0.32362637491890867 +- 0.0
MAE: 0.12019152557033867 +- 0.0
