Fold: 1 	 Test r2: -0.0711 	 Test Loss: 0.0349 	 Test MAE: 0.1407
Fold: 2 	 Test r2: 0.2703 	 Test Loss: 0.0499 	 Test MAE: 0.1217
Fold: 3 	 Test r2: 0.2200 	 Test Loss: 0.0326 	 Test MAE: 0.1268
Fold: 4 	 Test r2: 0.6495 	 Test Loss: 0.0161 	 Test MAE: 0.0972
Fold: 5 	 Test r2: 0.4679 	 Test Loss: 0.0243 	 Test MAE: 0.1184
Final avg. r2:  0.3073113825831222
Final avg. MSE: 0.03155829221323225
Final avg. MAE: 0.12097409580688492
R2: 0.3073113825831222 +- 0.0
MAE: 0.12097409580688492 +- 0.0
