Fold: 1 	 Test r2: 0.6503 	 Test Loss: 0.0152 	 Test MAE: 0.0925
Fold: 2 	 Test r2: 0.3479 	 Test Loss: 0.0295 	 Test MAE: 0.1326
Fold: 3 	 Test r2: 0.5549 	 Test Loss: 0.0161 	 Test MAE: 0.1034
Fold: 4 	 Test r2: 0.1920 	 Test Loss: 0.0492 	 Test MAE: 0.1331
Fold: 5 	 Test r2: 0.1782 	 Test Loss: 0.0411 	 Test MAE: 0.1414
Final avg. r2:  0.38467518684092666
Final avg. MSE: 0.030216393211372893
Final avg. MAE: 0.12060988746507435
R2: 0.38467518684092666 +- 0.0
MAE: 0.12060988746507435 +- 0.0
