Fold: 1 	 Test r2: 0.4268 	 Test Loss: 0.0172 	 Test MAE: 0.1079
Fold: 2 	 Test r2: 0.1585 	 Test Loss: 0.0319 	 Test MAE: 0.1338
Fold: 3 	 Test r2: 0.5525 	 Test Loss: 0.0178 	 Test MAE: 0.1080
Fold: 4 	 Test r2: 0.3252 	 Test Loss: 0.0473 	 Test MAE: 0.1468
Fold: 5 	 Test r2: 0.4628 	 Test Loss: 0.0309 	 Test MAE: 0.1189
Final avg. r2:  0.3851861969650917
Final avg. MSE: 0.029038861661112657
Final avg. MAE: 0.12308492641389165
R2: 0.3851861969650917 +- 0.0
MAE: 0.12308492641389165 +- 0.0
