Fold: 1 	 Test r2: 0.1395 	 Test Loss: 0.0588 	 Test MAE: 0.1453
Fold: 2 	 Test r2: 0.0586 	 Test Loss: 0.0481 	 Test MAE: 0.1517
Fold: 3 	 Test r2: 0.3568 	 Test Loss: 0.0246 	 Test MAE: 0.1189
Fold: 4 	 Test r2: 0.4891 	 Test Loss: 0.0233 	 Test MAE: 0.1120
Fold: 5 	 Test r2: 0.1030 	 Test Loss: 0.0286 	 Test MAE: 0.1279
Final avg. r2:  0.22941902966375186
Final avg. MSE: 0.03667335673077635
Final avg. MAE: 0.1311764905431948
R2: 0.22941902966375186 +- 0.0
MAE: 0.1311764905431948 +- 0.0
