Fold: 1 	 Test r2: 0.2960 	 Test Loss: 0.0265 	 Test MAE: 0.1272
Fold: 2 	 Test r2: 0.4486 	 Test Loss: 0.0229 	 Test MAE: 0.1054
Fold: 3 	 Test r2: 0.1336 	 Test Loss: 0.0380 	 Test MAE: 0.1399
Fold: 4 	 Test r2: 0.3589 	 Test Loss: 0.0317 	 Test MAE: 0.1222
Fold: 5 	 Test r2: 0.3127 	 Test Loss: 0.0427 	 Test MAE: 0.1313
Final avg. r2:  0.30995365694659005
Final avg. MSE: 0.03235726871513799
Final avg. MAE: 0.12519755660093762
R2: 0.30995365694659005 +- 0.0
MAE: 0.12519755660093762 +- 0.0
