Fold: 1 	 Test r2: 0.3728 	 Test Loss: 0.0395 	 Test MAE: 0.1013
Fold: 2 	 Test r2: 0.2961 	 Test Loss: 0.0316 	 Test MAE: 0.1317
Fold: 3 	 Test r2: 0.2939 	 Test Loss: 0.0375 	 Test MAE: 0.1489
Fold: 4 	 Test r2: 0.4445 	 Test Loss: 0.0184 	 Test MAE: 0.1030
Fold: 5 	 Test r2: 0.3974 	 Test Loss: 0.0228 	 Test MAE: 0.1141
Final avg. r2:  0.36093321413951224
Final avg. MSE: 0.029945913841607087
Final avg. MAE: 0.11978375236155325
R2: 0.36093321413951224 +- 0.0
MAE: 0.11978375236155325 +- 0.0
