Fold: 1 	 Test r2: 0.2155 	 Test Loss: 0.0261 	 Test MAE: 0.1203
Fold: 2 	 Test r2: 0.2736 	 Test Loss: 0.0590 	 Test MAE: 0.1464
Fold: 3 	 Test r2: 0.1559 	 Test Loss: 0.0258 	 Test MAE: 0.1161
Fold: 4 	 Test r2: 0.4036 	 Test Loss: 0.0310 	 Test MAE: 0.1312
Fold: 5 	 Test r2: 0.5012 	 Test Loss: 0.0185 	 Test MAE: 0.0966
Final avg. r2:  0.3099595619317001
Final avg. MSE: 0.03207837401424058
Final avg. MAE: 0.1221171362731023
R2: 0.3099595619317001 +- 0.0
MAE: 0.1221171362731023 +- 0.0
