Fold: 1 	 Test r2: 0.3600 	 Test Loss: 0.0221 	 Test MAE: 0.1022
Fold: 2 	 Test r2: 0.6092 	 Test Loss: 0.0159 	 Test MAE: 0.0884
Fold: 3 	 Test r2: 0.2492 	 Test Loss: 0.0296 	 Test MAE: 0.1297
Fold: 4 	 Test r2: 0.4713 	 Test Loss: 0.0202 	 Test MAE: 0.1086
Fold: 5 	 Test r2: 0.0298 	 Test Loss: 0.0783 	 Test MAE: 0.1828
Final avg. r2:  0.3438872871016567
Final avg. MSE: 0.033227959479601575
Final avg. MAE: 0.12235310501577394
R2: 0.3438872871016567 +- 0.0
MAE: 0.12235310501577394 +- 0.0
