Fold: 1 	 Test r2: 0.3704 	 Test Loss: 0.0202 	 Test MAE: 0.0982
Fold: 2 	 Test r2: 0.1230 	 Test Loss: 0.0367 	 Test MAE: 0.1381
Fold: 3 	 Test r2: 0.3107 	 Test Loss: 0.0278 	 Test MAE: 0.1278
Fold: 4 	 Test r2: 0.4916 	 Test Loss: 0.0234 	 Test MAE: 0.1033
Fold: 5 	 Test r2: 0.3513 	 Test Loss: 0.0470 	 Test MAE: 0.1309
Final avg. r2:  0.3293929508956821
Final avg. MSE: 0.031020113062423603
Final avg. MAE: 0.11966550475125814
R2: 0.3293929508956821 +- 0.0
MAE: 0.11966550475125814 +- 0.0
