Fold: 1 	 Test r2: 0.2092 	 Test Loss: 0.0601 	 Test MAE: 0.1619
Fold: 2 	 Test r2: 0.3448 	 Test Loss: 0.0256 	 Test MAE: 0.1191
Fold: 3 	 Test r2: 0.5828 	 Test Loss: 0.0172 	 Test MAE: 0.1017
Fold: 4 	 Test r2: 0.0104 	 Test Loss: 0.0484 	 Test MAE: 0.1441
Fold: 5 	 Test r2: 0.2114 	 Test Loss: 0.0236 	 Test MAE: 0.1013
Final avg. r2:  0.27172620886789317
Final avg. MSE: 0.03494028738768608
Final avg. MAE: 0.12561513797069587
R2: 0.27172620886789317 +- 0.0
MAE: 0.12561513797069587 +- 0.0
