Fold: 1 	 Test r2: -0.2709 	 Test Loss: 0.0373 	 Test MAE: 0.1360
Fold: 2 	 Test r2: 0.4008 	 Test Loss: 0.0332 	 Test MAE: 0.1324
Fold: 3 	 Test r2: 0.0898 	 Test Loss: 0.0283 	 Test MAE: 0.1116
Fold: 4 	 Test r2: -0.0539 	 Test Loss: 0.0499 	 Test MAE: 0.1550
Fold: 5 	 Test r2: 0.3253 	 Test Loss: 0.0477 	 Test MAE: 0.1261
Final avg. r2:  0.0982176142888997
Final avg. MSE: 0.03926373172697513
Final avg. MAE: 0.1321971678808585
R2: 0.0982176142888997 +- 0.0
MAE: 0.1321971678808585 +- 0.0
