Fold: 1 	 Test r2: 0.2161 	 Test Loss: 0.0575 	 Test MAE: 0.1151
Fold: 2 	 Test r2: 0.0497 	 Test Loss: 0.0395 	 Test MAE: 0.1416
Fold: 3 	 Test r2: 0.1148 	 Test Loss: 0.0318 	 Test MAE: 0.1252
Fold: 4 	 Test r2: -0.6868 	 Test Loss: 0.0700 	 Test MAE: 0.1597
Fold: 5 	 Test r2: 0.5294 	 Test Loss: 0.0194 	 Test MAE: 0.1069
Final avg. r2:  0.04461759207980174
Final avg. MSE: 0.04363800742241117
Final avg. MAE: 0.12970914693270513
R2: 0.04461759207980174 +- 0.0
MAE: 0.12970914693270513 +- 0.0
