Fold: 1 	 Test r2: 0.4382 	 Test Loss: 0.0243 	 Test MAE: 0.1118
Fold: 2 	 Test r2: 0.4910 	 Test Loss: 0.0254 	 Test MAE: 0.1257
Fold: 3 	 Test r2: 0.5359 	 Test Loss: 0.0158 	 Test MAE: 0.1048
Fold: 4 	 Test r2: 0.2278 	 Test Loss: 0.0502 	 Test MAE: 0.1372
Fold: 5 	 Test r2: 0.2055 	 Test Loss: 0.0331 	 Test MAE: 0.1313
Final avg. r2:  0.37968223743728663
Final avg. MSE: 0.02978998772990641
Final avg. MAE: 0.12215533843960893
R2: 0.37968223743728663 +- 0.0
MAE: 0.12215533843960893 +- 0.0
