Fold: 1 	 Test r2: 0.3756 	 Test Loss: 0.0310 	 Test MAE: 0.1259
Fold: 2 	 Test r2: 0.4689 	 Test Loss: 0.0232 	 Test MAE: 0.1275
Fold: 3 	 Test r2: 0.1498 	 Test Loss: 0.0553 	 Test MAE: 0.1495
Fold: 4 	 Test r2: 0.4141 	 Test Loss: 0.0191 	 Test MAE: 0.1050
Fold: 5 	 Test r2: 0.4060 	 Test Loss: 0.0240 	 Test MAE: 0.1062
Final avg. r2:  0.362896650630256
Final avg. MSE: 0.030508405965415576
Final avg. MAE: 0.12281735591831155
R2: 0.362896650630256 +- 0.0
MAE: 0.12281735591831155 +- 0.0
