Fold: 1 	 Test r2: -0.2285 	 Test Loss: 0.0518 	 Test MAE: 0.1484
Fold: 2 	 Test r2: 0.1474 	 Test Loss: 0.0391 	 Test MAE: 0.1317
Fold: 3 	 Test r2: 0.5397 	 Test Loss: 0.0203 	 Test MAE: 0.1133
Fold: 4 	 Test r2: 0.4160 	 Test Loss: 0.0228 	 Test MAE: 0.1173
Fold: 5 	 Test r2: 0.2998 	 Test Loss: 0.0445 	 Test MAE: 0.1143
Final avg. r2:  0.23486438860634173
Final avg. MSE: 0.03571264908546524
Final avg. MAE: 0.12498120536685597
R2: 0.23486438860634173 +- 0.0
MAE: 0.12498120536685597 +- 0.0
