Fold: 1 	 Test r2: 0.3189 	 Test Loss: 0.0294 	 Test MAE: 0.1275
Fold: 2 	 Test r2: 0.4639 	 Test Loss: 0.0359 	 Test MAE: 0.1126
Fold: 3 	 Test r2: 0.1728 	 Test Loss: 0.0388 	 Test MAE: 0.1445
Fold: 4 	 Test r2: 0.3945 	 Test Loss: 0.0251 	 Test MAE: 0.1105
Fold: 5 	 Test r2: 0.0064 	 Test Loss: 0.0341 	 Test MAE: 0.1326
Final avg. r2:  0.2713077946550505
Final avg. MSE: 0.03266535334523124
Final avg. MAE: 0.1255619962351257
R2: 0.2713077946550505 +- 0.0
MAE: 0.1255619962351257 +- 0.0
