Fold: 1 	 Test r2: 0.5822 	 Test Loss: 0.0206 	 Test MAE: 0.1133
Fold: 2 	 Test r2: 0.2926 	 Test Loss: 0.0310 	 Test MAE: 0.1259
Fold: 3 	 Test r2: 0.2469 	 Test Loss: 0.0422 	 Test MAE: 0.1128
Fold: 4 	 Test r2: 0.2682 	 Test Loss: 0.0264 	 Test MAE: 0.1208
Fold: 5 	 Test r2: 0.5058 	 Test Loss: 0.0237 	 Test MAE: 0.1072
Final avg. r2:  0.37913797566041857
Final avg. MSE: 0.028787072381138017
Final avg. MAE: 0.11600100527498491
R2: 0.37913797566041857 +- 0.0
MAE: 0.11600100527498491 +- 0.0
