Fold: 1 	 Test r2: 0.6252 	 Test Loss: 0.0161 	 Test MAE: 0.0858
Fold: 2 	 Test r2: 0.1544 	 Test Loss: 0.0637 	 Test MAE: 0.1631
Fold: 3 	 Test r2: 0.6606 	 Test Loss: 0.0085 	 Test MAE: 0.0768
Fold: 4 	 Test r2: 0.5690 	 Test Loss: 0.0197 	 Test MAE: 0.1000
Fold: 5 	 Test r2: 0.2352 	 Test Loss: 0.0321 	 Test MAE: 0.1397
Final avg. r2:  0.4488772573299471
Final avg. MSE: 0.028014538478834516
Final avg. MAE: 0.11306603264671808
R2: 0.4488772573299471 +- 0.0
MAE: 0.11306603264671808 +- 0.0
