Fold: 1 	 Test r2: 0.2301 	 Test Loss: 0.0597 	 Test MAE: 0.1438
Fold: 2 	 Test r2: 0.4612 	 Test Loss: 0.0193 	 Test MAE: 0.1090
Fold: 3 	 Test r2: 0.2692 	 Test Loss: 0.0301 	 Test MAE: 0.1167
Fold: 4 	 Test r2: 0.3865 	 Test Loss: 0.0248 	 Test MAE: 0.1181
Fold: 5 	 Test r2: 0.2869 	 Test Loss: 0.0286 	 Test MAE: 0.1219
Final avg. r2:  0.32677742015022265
Final avg. MSE: 0.03250934781247179
Final avg. MAE: 0.12190506286209538
R2: 0.32677742015022265 +- 0.0
MAE: 0.12190506286209538 +- 0.0
