Fold: 1 	 Test r2: 0.1590 	 Test Loss: 0.0336 	 Test MAE: 0.1155
Fold: 2 	 Test r2: 0.2114 	 Test Loss: 0.0516 	 Test MAE: 0.1194
Fold: 3 	 Test r2: 0.0391 	 Test Loss: 0.0262 	 Test MAE: 0.1232
Fold: 4 	 Test r2: 0.5304 	 Test Loss: 0.0239 	 Test MAE: 0.1126
Fold: 5 	 Test r2: 0.2911 	 Test Loss: 0.0344 	 Test MAE: 0.1309
Final avg. r2:  0.24623155694774618
Final avg. MSE: 0.03393656846854803
Final avg. MAE: 0.12031066443162912
R2: 0.24623155694774618 +- 0.0
MAE: 0.12031066443162912 +- 0.0
