Fold: 1 	 Test r2: 0.3933 	 Test Loss: 0.0280 	 Test MAE: 0.1286
Fold: 2 	 Test r2: 0.4382 	 Test Loss: 0.0285 	 Test MAE: 0.1228
Fold: 3 	 Test r2: -1.4578 	 Test Loss: 0.0756 	 Test MAE: 0.1655
Fold: 4 	 Test r2: 0.1201 	 Test Loss: 0.0514 	 Test MAE: 0.1362
Fold: 5 	 Test r2: 0.4880 	 Test Loss: 0.0258 	 Test MAE: 0.1226
Final avg. r2:  -0.003648611036884253
Final avg. MSE: 0.041859050467052454
Final avg. MAE: 0.13514104776439212
R2: -0.003648611036884253 +- 0.0
MAE: 0.13514104776439212 +- 0.0
