Fold: 1 	 Test r2: 0.2176 	 Test Loss: 0.0320 	 Test MAE: 0.1388
Fold: 2 	 Test r2: 0.5404 	 Test Loss: 0.0150 	 Test MAE: 0.0892
Fold: 3 	 Test r2: 0.1961 	 Test Loss: 0.0344 	 Test MAE: 0.1414
Fold: 4 	 Test r2: 0.1446 	 Test Loss: 0.0621 	 Test MAE: 0.1467
Fold: 5 	 Test r2: 0.2918 	 Test Loss: 0.0328 	 Test MAE: 0.1291
Final avg. r2:  0.27809067022643813
Final avg. MSE: 0.03528442423342014
Final avg. MAE: 0.12905032607682404
R2: 0.27809067022643813 +- 0.0
MAE: 0.12905032607682404 +- 0.0
