Fold: 1 	 Test r2: 0.2493 	 Test Loss: 0.0300 	 Test MAE: 0.1235
Fold: 2 	 Test r2: 0.3678 	 Test Loss: 0.0461 	 Test MAE: 0.1387
Fold: 3 	 Test r2: 0.6186 	 Test Loss: 0.0151 	 Test MAE: 0.0939
Fold: 4 	 Test r2: 0.3613 	 Test Loss: 0.0309 	 Test MAE: 0.1301
Fold: 5 	 Test r2: 0.1634 	 Test Loss: 0.0275 	 Test MAE: 0.1256
Final avg. r2:  0.35210153282361223
Final avg. MSE: 0.029905000679652315
Final avg. MAE: 0.12235683550500646
R2: 0.35210153282361223 +- 0.0
MAE: 0.12235683550500646 +- 0.0
