Fold: 1 	 Test r2: 0.2808 	 Test Loss: 0.0258 	 Test MAE: 0.1255
Fold: 2 	 Test r2: 0.3314 	 Test Loss: 0.0429 	 Test MAE: 0.1269
Fold: 3 	 Test r2: 0.3337 	 Test Loss: 0.0255 	 Test MAE: 0.1183
Fold: 4 	 Test r2: 0.3361 	 Test Loss: 0.0298 	 Test MAE: 0.1287
Fold: 5 	 Test r2: 0.3011 	 Test Loss: 0.0358 	 Test MAE: 0.1377
Final avg. r2:  0.3166044799771446
Final avg. MSE: 0.03196571525233297
Final avg. MAE: 0.12742352329929468
R2: 0.3166044799771446 +- 0.0
MAE: 0.12742352329929468 +- 0.0
