Fold: 1 	 Test r2: 0.2381 	 Test Loss: 0.0207 	 Test MAE: 0.1115
Fold: 2 	 Test r2: 0.2505 	 Test Loss: 0.0291 	 Test MAE: 0.1480
Fold: 3 	 Test r2: -1.1706 	 Test Loss: 0.0691 	 Test MAE: 0.1597
Fold: 4 	 Test r2: 0.2572 	 Test Loss: 0.0628 	 Test MAE: 0.1432
Fold: 5 	 Test r2: 0.4896 	 Test Loss: 0.0269 	 Test MAE: 0.1123
Final avg. r2:  0.01296831032625887
Final avg. MSE: 0.04169618760215523
Final avg. MAE: 0.1349488065812458
R2: 0.01296831032625887 +- 0.0
MAE: 0.1349488065812458 +- 0.0
