Fold: 1 	 Test r2: 0.6364 	 Test Loss: 0.0130 	 Test MAE: 0.0820
Fold: 2 	 Test r2: -0.0495 	 Test Loss: 0.0506 	 Test MAE: 0.1595
Fold: 3 	 Test r2: 0.3545 	 Test Loss: 0.0440 	 Test MAE: 0.1208
Fold: 4 	 Test r2: 0.5106 	 Test Loss: 0.0221 	 Test MAE: 0.1175
Fold: 5 	 Test r2: 0.2209 	 Test Loss: 0.0288 	 Test MAE: 0.1208
Final avg. r2:  0.3345903445461499
Final avg. MSE: 0.03170329529385254
Final avg. MAE: 0.1201248277396876
R2: 0.3345903445461499 +- 0.0
MAE: 0.1201248277396876 +- 0.0
