Fold: 1 	 Test r2: 0.0609 	 Test Loss: 0.0545 	 Test MAE: 0.1693
Fold: 2 	 Test r2: 0.2518 	 Test Loss: 0.0493 	 Test MAE: 0.1378
Fold: 3 	 Test r2: 0.3220 	 Test Loss: 0.0254 	 Test MAE: 0.1276
Fold: 4 	 Test r2: 0.1706 	 Test Loss: 0.0342 	 Test MAE: 0.1239
Fold: 5 	 Test r2: 0.2306 	 Test Loss: 0.0247 	 Test MAE: 0.1169
Final avg. r2:  0.20717683351443741
Final avg. MSE: 0.03761762767826561
Final avg. MAE: 0.13509049320555463
R2: 0.20717683351443741 +- 0.0
MAE: 0.13509049320555463 +- 0.0
