Fold: 1 	 Test r2: 0.3740 	 Test Loss: 0.0329 	 Test MAE: 0.1271
Fold: 2 	 Test r2: -0.1181 	 Test Loss: 0.0480 	 Test MAE: 0.1649
Fold: 3 	 Test r2: 0.3558 	 Test Loss: 0.0450 	 Test MAE: 0.1296
Fold: 4 	 Test r2: 0.2574 	 Test Loss: 0.0225 	 Test MAE: 0.1149
Fold: 5 	 Test r2: 0.4017 	 Test Loss: 0.0228 	 Test MAE: 0.1155
Final avg. r2:  0.2541696949752766
Final avg. MSE: 0.03423229001356794
Final avg. MAE: 0.1304035843635092
R2: 0.2541696949752766 +- 0.0
MAE: 0.1304035843635092 +- 0.0
