Fold: 1 	 Test r2: 0.4134 	 Test Loss: 0.0253 	 Test MAE: 0.1196
Fold: 2 	 Test r2: 0.4321 	 Test Loss: 0.0198 	 Test MAE: 0.0991
Fold: 3 	 Test r2: 0.1856 	 Test Loss: 0.0513 	 Test MAE: 0.1386
Fold: 4 	 Test r2: 0.4077 	 Test Loss: 0.0292 	 Test MAE: 0.1224
Fold: 5 	 Test r2: 0.3477 	 Test Loss: 0.0281 	 Test MAE: 0.1218
Final avg. r2:  0.3573091363292845
Final avg. MSE: 0.030733997362696434
Final avg. MAE: 0.12030070132138777
R2: 0.3573091363292845 +- 0.0
MAE: 0.12030070132138777 +- 0.0
