Fold: 1 	 Test r2: 0.0610 	 Test Loss: 0.0376 	 Test MAE: 0.1536
Fold: 2 	 Test r2: 0.3481 	 Test Loss: 0.0476 	 Test MAE: 0.1416
Fold: 3 	 Test r2: 0.6011 	 Test Loss: 0.0210 	 Test MAE: 0.1032
Fold: 4 	 Test r2: -0.3688 	 Test Loss: 0.0422 	 Test MAE: 0.1341
Fold: 5 	 Test r2: 0.4701 	 Test Loss: 0.0192 	 Test MAE: 0.1028
Final avg. r2:  0.22228126364498565
Final avg. MSE: 0.033518945533236456
Final avg. MAE: 0.12705780854195256
R2: 0.22228126364498565 +- 0.0
MAE: 0.12705780854195256 +- 0.0
