Fold: 1 	 Test r2: 0.4435 	 Test Loss: 0.0250 	 Test MAE: 0.1195
Fold: 2 	 Test r2: 0.2600 	 Test Loss: 0.0463 	 Test MAE: 0.1289
Fold: 3 	 Test r2: 0.1466 	 Test Loss: 0.0279 	 Test MAE: 0.1257
Fold: 4 	 Test r2: 0.5617 	 Test Loss: 0.0202 	 Test MAE: 0.1080
Fold: 5 	 Test r2: 0.1085 	 Test Loss: 0.0427 	 Test MAE: 0.1502
Final avg. r2:  0.3040590896125728
Final avg. MSE: 0.03241474611916867
Final avg. MAE: 0.1264398200107979
R2: 0.3040590896125728 +- 0.0
MAE: 0.1264398200107979 +- 0.0
