Fold: 1 	 Test r2: 0.5897 	 Test Loss: 0.0183 	 Test MAE: 0.1013
Fold: 2 	 Test r2: 0.2339 	 Test Loss: 0.0502 	 Test MAE: 0.1437
Fold: 3 	 Test r2: 0.1781 	 Test Loss: 0.0287 	 Test MAE: 0.1268
Fold: 4 	 Test r2: 0.1222 	 Test Loss: 0.0330 	 Test MAE: 0.1238
Fold: 5 	 Test r2: 0.5475 	 Test Loss: 0.0226 	 Test MAE: 0.1048
Final avg. r2:  0.33427356750955217
Final avg. MSE: 0.03057576241227401
Final avg. MAE: 0.12008920743503944
R2: 0.33427356750955217 +- 0.0
MAE: 0.12008920743503944 +- 0.0
