Fold: 1 	 Test r2: 0.3793 	 Test Loss: 0.0498 	 Test MAE: 0.1259
Fold: 2 	 Test r2: 0.3972 	 Test Loss: 0.0237 	 Test MAE: 0.1225
Fold: 3 	 Test r2: 0.1713 	 Test Loss: 0.0259 	 Test MAE: 0.1135
Fold: 4 	 Test r2: 0.5145 	 Test Loss: 0.0211 	 Test MAE: 0.1116
Fold: 5 	 Test r2: 0.5558 	 Test Loss: 0.0165 	 Test MAE: 0.1008
Final avg. r2:  0.4036184464014282
Final avg. MSE: 0.027422180312058193
Final avg. MAE: 0.11485178384511749
R2: 0.4036184464014282 +- 0.0
MAE: 0.11485178384511749 +- 0.0
