Fold: 1 	 Test r2: 0.0793 	 Test Loss: 0.0504 	 Test MAE: 0.1415
Fold: 2 	 Test r2: 0.0594 	 Test Loss: 0.0301 	 Test MAE: 0.1199
Fold: 3 	 Test r2: 0.5426 	 Test Loss: 0.0256 	 Test MAE: 0.1204
Fold: 4 	 Test r2: 0.6287 	 Test Loss: 0.0153 	 Test MAE: 0.0903
Fold: 5 	 Test r2: 0.5369 	 Test Loss: 0.0229 	 Test MAE: 0.1065
Final avg. r2:  0.3693702192559933
Final avg. MSE: 0.02883430566200206
Final avg. MAE: 0.11571772999073168
R2: 0.3693702192559933 +- 0.0
MAE: 0.11571772999073168 +- 0.0
