Fold: 1 	 Test r2: 0.3633 	 Test Loss: 0.0311 	 Test MAE: 0.1290
Fold: 2 	 Test r2: 0.6404 	 Test Loss: 0.0134 	 Test MAE: 0.0974
Fold: 3 	 Test r2: 0.0953 	 Test Loss: 0.0608 	 Test MAE: 0.1630
Fold: 4 	 Test r2: 0.4796 	 Test Loss: 0.0192 	 Test MAE: 0.1079
Fold: 5 	 Test r2: 0.2765 	 Test Loss: 0.0325 	 Test MAE: 0.1238
Final avg. r2:  0.37102199405795694
Final avg. MSE: 0.03138711508981544
Final avg. MAE: 0.12422939546304901
R2: 0.37102199405795694 +- 0.0
MAE: 0.12422939546304901 +- 0.0
