Fold: 1 	 Test r2: 0.4818 	 Test Loss: 0.0227 	 Test MAE: 0.1152
Fold: 2 	 Test r2: 0.3474 	 Test Loss: 0.0422 	 Test MAE: 0.1119
Fold: 3 	 Test r2: 0.3859 	 Test Loss: 0.0290 	 Test MAE: 0.1192
Fold: 4 	 Test r2: 0.5552 	 Test Loss: 0.0193 	 Test MAE: 0.1063
Fold: 5 	 Test r2: 0.2291 	 Test Loss: 0.0268 	 Test MAE: 0.1237
Final avg. r2:  0.39988839206766447
Final avg. MSE: 0.0279739676779436
Final avg. MAE: 0.11526405498651522
R2: 0.39988839206766447 +- 0.0
MAE: 0.11526405498651522 +- 0.0
