Fold: 1 	 Test r2: 0.0547 	 Test Loss: 0.0614 	 Test MAE: 0.1579
Fold: 2 	 Test r2: 0.2715 	 Test Loss: 0.0333 	 Test MAE: 0.1403
Fold: 3 	 Test r2: 0.4093 	 Test Loss: 0.0205 	 Test MAE: 0.1053
Fold: 4 	 Test r2: 0.3877 	 Test Loss: 0.0301 	 Test MAE: 0.1201
Fold: 5 	 Test r2: 0.4103 	 Test Loss: 0.0211 	 Test MAE: 0.1170
Final avg. r2:  0.30669877630700554
Final avg. MSE: 0.033277405761000224
Final avg. MAE: 0.12812212235072537
R2: 0.30669877630700554 +- 0.0
MAE: 0.12812212235072537 +- 0.0
