Fold: 1 	 Test r2: 0.3470 	 Test Loss: 0.0537 	 Test MAE: 0.1547
Fold: 2 	 Test r2: 0.3932 	 Test Loss: 0.0308 	 Test MAE: 0.1257
Fold: 3 	 Test r2: 0.5733 	 Test Loss: 0.0175 	 Test MAE: 0.1009
Fold: 4 	 Test r2: 0.4197 	 Test Loss: 0.0165 	 Test MAE: 0.0974
Fold: 5 	 Test r2: 0.0319 	 Test Loss: 0.0282 	 Test MAE: 0.1108
Final avg. r2:  0.3530297105860304
Final avg. MSE: 0.029351585960263032
Final avg. MAE: 0.11790142790699491
R2: 0.3530297105860304 +- 0.0
MAE: 0.11790142790699491 +- 0.0
