Fold: 1 	 Test r2: 0.2591 	 Test Loss: 0.0555 	 Test MAE: 0.1425
Fold: 2 	 Test r2: 0.5705 	 Test Loss: 0.0173 	 Test MAE: 0.0937
Fold: 3 	 Test r2: 0.2140 	 Test Loss: 0.0250 	 Test MAE: 0.1173
Fold: 4 	 Test r2: -0.7236 	 Test Loss: 0.0507 	 Test MAE: 0.1515
Fold: 5 	 Test r2: 0.4766 	 Test Loss: 0.0308 	 Test MAE: 0.1315
Final avg. r2:  0.15932388092077895
Final avg. MSE: 0.035856061324013706
Final avg. MAE: 0.12729681695615047
R2: 0.15932388092077895 +- 0.0
MAE: 0.12729681695615047 +- 0.0
