Fold: 1 	 Test r2: 0.3069 	 Test Loss: 0.0473 	 Test MAE: 0.1282
Fold: 2 	 Test r2: 0.3370 	 Test Loss: 0.0248 	 Test MAE: 0.1063
Fold: 3 	 Test r2: 0.3166 	 Test Loss: 0.0232 	 Test MAE: 0.1039
Fold: 4 	 Test r2: 0.3328 	 Test Loss: 0.0314 	 Test MAE: 0.1323
Fold: 5 	 Test r2: 0.3269 	 Test Loss: 0.0316 	 Test MAE: 0.1393
Final avg. r2:  0.3240262212259635
Final avg. MSE: 0.031665283852480096
Final avg. MAE: 0.1219871889216965
R2: 0.3240262212259635 +- 0.0
MAE: 0.1219871889216965 +- 0.0
