Fold: 1 	 Test r2: 0.3498 	 Test Loss: 0.0212 	 Test MAE: 0.1104
Fold: 2 	 Test r2: 0.3114 	 Test Loss: 0.0442 	 Test MAE: 0.1270
Fold: 3 	 Test r2: 0.4954 	 Test Loss: 0.0284 	 Test MAE: 0.1131
Fold: 4 	 Test r2: 0.3552 	 Test Loss: 0.0249 	 Test MAE: 0.1126
Fold: 5 	 Test r2: 0.4654 	 Test Loss: 0.0229 	 Test MAE: 0.1262
Final avg. r2:  0.39542500684673704
Final avg. MSE: 0.02831440116140539
Final avg. MAE: 0.11786938526914739
R2: 0.39542500684673704 +- 0.0
MAE: 0.11786938526914739 +- 0.0
