Fold: 1 	 Test r2: 0.3865 	 Test Loss: 0.0258 	 Test MAE: 0.1093
Fold: 2 	 Test r2: 0.3081 	 Test Loss: 0.0479 	 Test MAE: 0.1353
Fold: 3 	 Test r2: 0.4048 	 Test Loss: 0.0254 	 Test MAE: 0.1191
Fold: 4 	 Test r2: 0.2052 	 Test Loss: 0.0358 	 Test MAE: 0.1451
Fold: 5 	 Test r2: 0.4028 	 Test Loss: 0.0203 	 Test MAE: 0.1001
Final avg. r2:  0.34149320686097356
Final avg. MSE: 0.03102509549662629
Final avg. MAE: 0.12177287192736455
R2: 0.34149320686097356 +- 0.0
MAE: 0.12177287192736455 +- 0.0
