Fold: 1 	 Test r2: 0.4590 	 Test Loss: 0.0218 	 Test MAE: 0.0969
Fold: 2 	 Test r2: 0.3830 	 Test Loss: 0.0261 	 Test MAE: 0.1180
Fold: 3 	 Test r2: -0.3369 	 Test Loss: 0.0649 	 Test MAE: 0.1510
Fold: 4 	 Test r2: 0.4636 	 Test Loss: 0.0215 	 Test MAE: 0.1201
Fold: 5 	 Test r2: 0.1772 	 Test Loss: 0.0534 	 Test MAE: 0.1373
Final avg. r2:  0.22917245148036852
Final avg. MSE: 0.037532767760154684
Final avg. MAE: 0.12467510681345957
R2: 0.22917245148036852 +- 0.0
MAE: 0.12467510681345957 +- 0.0
