Fold: 1 	 Test r2: 0.1498 	 Test Loss: 0.0605 	 Test MAE: 0.1557
Fold: 2 	 Test r2: -0.4824 	 Test Loss: 0.0787 	 Test MAE: 0.1783
Fold: 3 	 Test r2: 0.5055 	 Test Loss: 0.0191 	 Test MAE: 0.1027
Fold: 4 	 Test r2: 0.2183 	 Test Loss: 0.0306 	 Test MAE: 0.1278
Fold: 5 	 Test r2: 0.4385 	 Test Loss: 0.0160 	 Test MAE: 0.1050
Final avg. r2:  0.16592436002456004
Final avg. MSE: 0.04097059491492751
Final avg. MAE: 0.13390106077109573
R2: 0.16592436002456004 +- 0.0
MAE: 0.13390106077109573 +- 0.0
