Fold: 1 	 Test r2: 0.5003 	 Test Loss: 0.0171 	 Test MAE: 0.1011
Fold: 2 	 Test r2: 0.4449 	 Test Loss: 0.0213 	 Test MAE: 0.1122
Fold: 3 	 Test r2: -0.0134 	 Test Loss: 0.0435 	 Test MAE: 0.1529
Fold: 4 	 Test r2: 0.0629 	 Test Loss: 0.0361 	 Test MAE: 0.1352
Fold: 5 	 Test r2: 0.4886 	 Test Loss: 0.0406 	 Test MAE: 0.1139
Final avg. r2:  0.29667764862161894
Final avg. MSE: 0.031715639833825665
Final avg. MAE: 0.12304974587216062
R2: 0.29667764862161894 +- 0.0
MAE: 0.12304974587216062 +- 0.0
