Fold: 1 	 Test r2: 0.4034 	 Test Loss: 0.0198 	 Test MAE: 0.1138
Fold: 2 	 Test r2: 0.3710 	 Test Loss: 0.0299 	 Test MAE: 0.1397
Fold: 3 	 Test r2: 0.2946 	 Test Loss: 0.0323 	 Test MAE: 0.1156
Fold: 4 	 Test r2: 0.3142 	 Test Loss: 0.0520 	 Test MAE: 0.1477
Fold: 5 	 Test r2: 0.2367 	 Test Loss: 0.0196 	 Test MAE: 0.0984
Final avg. r2:  0.323978364788506
Final avg. MSE: 0.030712194128013404
Final avg. MAE: 0.12305789864400311
R2: 0.323978364788506 +- 0.0
MAE: 0.12305789864400311 +- 0.0
