Fold: 1 	 Test r2: 0.1188 	 Test Loss: 0.0331 	 Test MAE: 0.1359
Fold: 2 	 Test r2: 0.3366 	 Test Loss: 0.0421 	 Test MAE: 0.0972
Fold: 3 	 Test r2: 0.3323 	 Test Loss: 0.0322 	 Test MAE: 0.1220
Fold: 4 	 Test r2: 0.4835 	 Test Loss: 0.0234 	 Test MAE: 0.1183
Fold: 5 	 Test r2: 0.2772 	 Test Loss: 0.0279 	 Test MAE: 0.1272
Final avg. r2:  0.30968181627781854
Final avg. MSE: 0.03174890403446014
Final avg. MAE: 0.12013834878979694
R2: 0.30968181627781854 +- 0.0
MAE: 0.12013834878979694 +- 0.0
