Fold: 1 	 Test r2: 0.4029 	 Test Loss: 0.0240 	 Test MAE: 0.1083
Fold: 2 	 Test r2: 0.3818 	 Test Loss: 0.0343 	 Test MAE: 0.1310
Fold: 3 	 Test r2: 0.2234 	 Test Loss: 0.0259 	 Test MAE: 0.1145
Fold: 4 	 Test r2: 0.3355 	 Test Loss: 0.0435 	 Test MAE: 0.1157
Fold: 5 	 Test r2: 0.3413 	 Test Loss: 0.0268 	 Test MAE: 0.1228
Final avg. r2:  0.3369932641933467
Final avg. MSE: 0.030898534967558476
Final avg. MAE: 0.1184572996368923
R2: 0.3369932641933467 +- 0.0
MAE: 0.1184572996368923 +- 0.0
