Fold: 1 	 Test r2: 0.6346 	 Test Loss: 0.0130 	 Test MAE: 0.0861
Fold: 2 	 Test r2: 0.2215 	 Test Loss: 0.0515 	 Test MAE: 0.1474
Fold: 3 	 Test r2: 0.4837 	 Test Loss: 0.0200 	 Test MAE: 0.1102
Fold: 4 	 Test r2: 0.0457 	 Test Loss: 0.0455 	 Test MAE: 0.1514
Fold: 5 	 Test r2: 0.3401 	 Test Loss: 0.0309 	 Test MAE: 0.1263
Final avg. r2:  0.3451304740093435
Final avg. MSE: 0.032170793182858606
Final avg. MAE: 0.12429267351838702
R2: 0.3451304740093435 +- 0.0
MAE: 0.12429267351838702 +- 0.0
