Fold: 1 	 Test r2: 0.1395 	 Test Loss: 0.0378 	 Test MAE: 0.1309
Fold: 2 	 Test r2: 0.3459 	 Test Loss: 0.0405 	 Test MAE: 0.1233
Fold: 3 	 Test r2: 0.4069 	 Test Loss: 0.0244 	 Test MAE: 0.1129
Fold: 4 	 Test r2: 0.4788 	 Test Loss: 0.0197 	 Test MAE: 0.1160
Fold: 5 	 Test r2: -0.0789 	 Test Loss: 0.0526 	 Test MAE: 0.1661
Final avg. r2:  0.2584484518356931
Final avg. MSE: 0.03497502704408776
Final avg. MAE: 0.1298401182130942
R2: 0.2584484518356931 +- 0.0
MAE: 0.1298401182130942 +- 0.0
