Fold: 1 	 Test r2: 0.5301 	 Test Loss: 0.0206 	 Test MAE: 0.1071
Fold: 2 	 Test r2: 0.4358 	 Test Loss: 0.0145 	 Test MAE: 0.0851
Fold: 3 	 Test r2: 0.2840 	 Test Loss: 0.0501 	 Test MAE: 0.1405
Fold: 4 	 Test r2: 0.4416 	 Test Loss: 0.0236 	 Test MAE: 0.1125
Fold: 5 	 Test r2: 0.3075 	 Test Loss: 0.0361 	 Test MAE: 0.1417
Final avg. r2:  0.3997727489677322
Final avg. MSE: 0.0289928349392611
Final avg. MAE: 0.11739864510414348
R2: 0.3997727489677322 +- 0.0
MAE: 0.11739864510414348 +- 0.0
