Fold: 1 	 Test r2: 0.3136 	 Test Loss: 0.0264 	 Test MAE: 0.1199
Fold: 2 	 Test r2: 0.4653 	 Test Loss: 0.0231 	 Test MAE: 0.1201
Fold: 3 	 Test r2: 0.2241 	 Test Loss: 0.0557 	 Test MAE: 0.1422
Fold: 4 	 Test r2: 0.3721 	 Test Loss: 0.0334 	 Test MAE: 0.1294
Fold: 5 	 Test r2: 0.4408 	 Test Loss: 0.0135 	 Test MAE: 0.0904
Final avg. r2:  0.3631833075103166
Final avg. MSE: 0.030443757455607318
Final avg. MAE: 0.12041518697008287
R2: 0.3631833075103166 +- 0.0
MAE: 0.12041518697008287 +- 0.0
