Fold: 1 	 Test r2: 0.1783 	 Test Loss: 0.0362 	 Test MAE: 0.1394
Fold: 2 	 Test r2: 0.2974 	 Test Loss: 0.0494 	 Test MAE: 0.1343
Fold: 3 	 Test r2: 0.3897 	 Test Loss: 0.0242 	 Test MAE: 0.1189
Fold: 4 	 Test r2: 0.3976 	 Test Loss: 0.0282 	 Test MAE: 0.1383
Fold: 5 	 Test r2: 0.2583 	 Test Loss: 0.0252 	 Test MAE: 0.1206
Final avg. r2:  0.30423876332892014
Final avg. MSE: 0.032646517496974954
Final avg. MAE: 0.1303007922667478
R2: 0.30423876332892014 +- 0.0
MAE: 0.1303007922667478 +- 0.0
