Fold: 1 	 Test r2: 0.2736 	 Test Loss: 0.0353 	 Test MAE: 0.1331
Fold: 2 	 Test r2: 0.3641 	 Test Loss: 0.0444 	 Test MAE: 0.1289
Fold: 3 	 Test r2: 0.5200 	 Test Loss: 0.0161 	 Test MAE: 0.0993
Fold: 4 	 Test r2: 0.1927 	 Test Loss: 0.0381 	 Test MAE: 0.1277
Fold: 5 	 Test r2: 0.4117 	 Test Loss: 0.0214 	 Test MAE: 0.1079
Final avg. r2:  0.3524167384998031
Final avg. MSE: 0.031052509413492423
Final avg. MAE: 0.11938545307790746
R2: 0.3524167384998031 +- 0.0
MAE: 0.11938545307790746 +- 0.0
