Fold: 1 	 Test r2: 0.5494 	 Test Loss: 0.0205 	 Test MAE: 0.1180
Fold: 2 	 Test r2: 0.2536 	 Test Loss: 0.0491 	 Test MAE: 0.1508
Fold: 3 	 Test r2: 0.3614 	 Test Loss: 0.0298 	 Test MAE: 0.1193
Fold: 4 	 Test r2: 0.3883 	 Test Loss: 0.0213 	 Test MAE: 0.1055
Fold: 5 	 Test r2: 0.3942 	 Test Loss: 0.0251 	 Test MAE: 0.1190
Final avg. r2:  0.38938664155382263
Final avg. MSE: 0.029155643167488664
Final avg. MAE: 0.12253147262104211
R2: 0.38938664155382263 +- 0.0
MAE: 0.12253147262104211 +- 0.0
