Fold: 1 	 Test r2: -0.1263 	 Test Loss: 0.0358 	 Test MAE: 0.1454
Fold: 2 	 Test r2: 0.1838 	 Test Loss: 0.0625 	 Test MAE: 0.1579
Fold: 3 	 Test r2: 0.6224 	 Test Loss: 0.0145 	 Test MAE: 0.0901
Fold: 4 	 Test r2: 0.3798 	 Test Loss: 0.0261 	 Test MAE: 0.1245
Fold: 5 	 Test r2: 0.7045 	 Test Loss: 0.0131 	 Test MAE: 0.0860
Final avg. r2:  0.3528381288453518
Final avg. MSE: 0.030408760329555095
Final avg. MAE: 0.12077545518321649
R2: 0.3528381288453518 +- 0.0
MAE: 0.12077545518321649 +- 0.0
