Fold: 1 	 Test r2: 0.5726 	 Test Loss: 0.0147 	 Test MAE: 0.1064
Fold: 2 	 Test r2: 0.2142 	 Test Loss: 0.0283 	 Test MAE: 0.1231
Fold: 3 	 Test r2: 0.2844 	 Test Loss: 0.0308 	 Test MAE: 0.1283
Fold: 4 	 Test r2: 0.3071 	 Test Loss: 0.0498 	 Test MAE: 0.1308
Fold: 5 	 Test r2: -0.4267 	 Test Loss: 0.0686 	 Test MAE: 0.1642
Final avg. r2:  0.19032020157289659
Final avg. MSE: 0.038463313520651576
Final avg. MAE: 0.13055225957476463
R2: 0.19032020157289659 +- 0.0
MAE: 0.13055225957476463 +- 0.0
