Fold: 1 	 Test r2: 0.3402 	 Test Loss: 0.0507 	 Test MAE: 0.1379
Fold: 2 	 Test r2: 0.2634 	 Test Loss: 0.0347 	 Test MAE: 0.1366
Fold: 3 	 Test r2: 0.3559 	 Test Loss: 0.0226 	 Test MAE: 0.1138
Fold: 4 	 Test r2: 0.4614 	 Test Loss: 0.0227 	 Test MAE: 0.1067
Fold: 5 	 Test r2: 0.4983 	 Test Loss: 0.0164 	 Test MAE: 0.1072
Final avg. r2:  0.3838339307822828
Final avg. MSE: 0.029421094557502747
Final avg. MAE: 0.12042531512652328
R2: 0.3838339307822828 +- 0.0
MAE: 0.12042531512652328 +- 0.0
