Fold: 1 	 Test r2: 0.3446 	 Test Loss: 0.0276 	 Test MAE: 0.1136
Fold: 2 	 Test r2: 0.4582 	 Test Loss: 0.0193 	 Test MAE: 0.1088
Fold: 3 	 Test r2: 0.4971 	 Test Loss: 0.0255 	 Test MAE: 0.1123
Fold: 4 	 Test r2: 0.4613 	 Test Loss: 0.0416 	 Test MAE: 0.1211
Fold: 5 	 Test r2: -3.5131 	 Test Loss: 0.1375 	 Test MAE: 0.1963
Final avg. r2:  -0.35037696349816816
Final avg. MSE: 0.050322651031644294
Final avg. MAE: 0.1303990529026507
R2: -0.35037696349816816 +- 0.0
MAE: 0.1303990529026507 +- 0.0
