Fold: 1 	 Test r2: 0.1333 	 Test Loss: 0.0357 	 Test MAE: 0.1302
Fold: 2 	 Test r2: 0.4035 	 Test Loss: 0.0176 	 Test MAE: 0.1016
Fold: 3 	 Test r2: 0.0674 	 Test Loss: 0.0487 	 Test MAE: 0.1450
Fold: 4 	 Test r2: -1.4307 	 Test Loss: 0.0774 	 Test MAE: 0.1572
Fold: 5 	 Test r2: 0.2896 	 Test Loss: 0.0541 	 Test MAE: 0.1291
Final avg. r2:  -0.10738078681888238
Final avg. MSE: 0.04670710467668251
Final avg. MAE: 0.13261597238949874
R2: -0.10738078681888238 +- 0.0
MAE: 0.13261597238949874 +- 0.0
