Fold: 1 	 Test r2: 0.4020 	 Test Loss: 0.0348 	 Test MAE: 0.1258
Fold: 2 	 Test r2: 0.2264 	 Test Loss: 0.0249 	 Test MAE: 0.1255
Fold: 3 	 Test r2: 0.3393 	 Test Loss: 0.0485 	 Test MAE: 0.1258
Fold: 4 	 Test r2: 0.2876 	 Test Loss: 0.0263 	 Test MAE: 0.1185
Fold: 5 	 Test r2: 0.1561 	 Test Loss: 0.0223 	 Test MAE: 0.0997
Final avg. r2:  0.28229285514286495
Final avg. MSE: 0.031348287118928904
Final avg. MAE: 0.1190556978021248
R2: 0.28229285514286495 +- 0.0
MAE: 0.1190556978021248 +- 0.0
