Fold: 1 	 Test r2: 0.2593 	 Test Loss: 0.0540 	 Test MAE: 0.1471
Fold: 2 	 Test r2: 0.3696 	 Test Loss: 0.0212 	 Test MAE: 0.1044
Fold: 3 	 Test r2: 0.5267 	 Test Loss: 0.0212 	 Test MAE: 0.1150
Fold: 4 	 Test r2: 0.2988 	 Test Loss: 0.0329 	 Test MAE: 0.1216
Fold: 5 	 Test r2: 0.4904 	 Test Loss: 0.0173 	 Test MAE: 0.0988
Final avg. r2:  0.3889735603114561
Final avg. MSE: 0.029320186032152133
Final avg. MAE: 0.11740025651774237
R2: 0.3889735603114561 +- 0.0
MAE: 0.11740025651774237 +- 0.0
