Fold: 1 	 Test r2: 0.3504 	 Test Loss: 0.0288 	 Test MAE: 0.1210
Fold: 2 	 Test r2: 0.2655 	 Test Loss: 0.0519 	 Test MAE: 0.1341
Fold: 3 	 Test r2: 0.6117 	 Test Loss: 0.0128 	 Test MAE: 0.0915
Fold: 4 	 Test r2: 0.1436 	 Test Loss: 0.0379 	 Test MAE: 0.1447
Fold: 5 	 Test r2: 0.2931 	 Test Loss: 0.0289 	 Test MAE: 0.1321
Final avg. r2:  0.3328297263844996
Final avg. MSE: 0.03207399859760568
Final avg. MAE: 0.12465326127653217
R2: 0.3328297263844996 +- 0.0
MAE: 0.12465326127653217 +- 0.0
