Fold: 1 	 Test r2: 0.5308 	 Test Loss: 0.0196 	 Test MAE: 0.1063
Fold: 2 	 Test r2: 0.5872 	 Test Loss: 0.0168 	 Test MAE: 0.0951
Fold: 3 	 Test r2: 0.2093 	 Test Loss: 0.0361 	 Test MAE: 0.1393
Fold: 4 	 Test r2: 0.2419 	 Test Loss: 0.0317 	 Test MAE: 0.1369
Fold: 5 	 Test r2: 0.2803 	 Test Loss: 0.0471 	 Test MAE: 0.1242
Final avg. r2:  0.36991745262341075
Final avg. MSE: 0.030271385917673848
Final avg. MAE: 0.12037645796579974
R2: 0.36991745262341075 +- 0.0
MAE: 0.12037645796579974 +- 0.0
