Fold: 1 	 Test r2: -0.1285 	 Test Loss: 0.0397 	 Test MAE: 0.1400
Fold: 2 	 Test r2: 0.5118 	 Test Loss: 0.0284 	 Test MAE: 0.1114
Fold: 3 	 Test r2: 0.0910 	 Test Loss: 0.0282 	 Test MAE: 0.1291
Fold: 4 	 Test r2: 0.6166 	 Test Loss: 0.0182 	 Test MAE: 0.0973
Fold: 5 	 Test r2: 0.3652 	 Test Loss: 0.0402 	 Test MAE: 0.1175
Final avg. r2:  0.29122467251307144
Final avg. MSE: 0.030930314421895033
Final avg. MAE: 0.11906771008748891
R2: 0.29122467251307144 +- 0.0
MAE: 0.11906771008748891 +- 0.0
