Fold: 1 	 Test r2: 0.5484 	 Test Loss: 0.0148 	 Test MAE: 0.0835
Fold: 2 	 Test r2: 0.4452 	 Test Loss: 0.0220 	 Test MAE: 0.1187
Fold: 3 	 Test r2: 0.3747 	 Test Loss: 0.0477 	 Test MAE: 0.1322
Fold: 4 	 Test r2: 0.0220 	 Test Loss: 0.0403 	 Test MAE: 0.1499
Fold: 5 	 Test r2: 0.3801 	 Test Loss: 0.0212 	 Test MAE: 0.1090
Final avg. r2:  0.3540934546911848
Final avg. MSE: 0.02919414616957276
Final avg. MAE: 0.11866381845506682
R2: 0.3540934546911848 +- 0.0
MAE: 0.11866381845506682 +- 0.0
