Fold: 1 	 Test r2: 0.0614 	 Test Loss: 0.0353 	 Test MAE: 0.1462
Fold: 2 	 Test r2: 0.3763 	 Test Loss: 0.0455 	 Test MAE: 0.1230
Fold: 3 	 Test r2: 0.4045 	 Test Loss: 0.0263 	 Test MAE: 0.1135
Fold: 4 	 Test r2: 0.2297 	 Test Loss: 0.0289 	 Test MAE: 0.1305
Fold: 5 	 Test r2: 0.4623 	 Test Loss: 0.0234 	 Test MAE: 0.1063
Final avg. r2:  0.30686967164366274
Final avg. MSE: 0.031860785852711127
Final avg. MAE: 0.12388808878430095
R2: 0.30686967164366274 +- 0.0
MAE: 0.12388808878430095 +- 0.0
