Fold: 1 	 Test r2: 0.0284 	 Test Loss: 0.0337 	 Test MAE: 0.1249
Fold: 2 	 Test r2: 0.5547 	 Test Loss: 0.0146 	 Test MAE: 0.0925
Fold: 3 	 Test r2: 0.4374 	 Test Loss: 0.0466 	 Test MAE: 0.1281
Fold: 4 	 Test r2: 0.1441 	 Test Loss: 0.0305 	 Test MAE: 0.1276
Fold: 5 	 Test r2: 0.4615 	 Test Loss: 0.0237 	 Test MAE: 0.1179
Final avg. r2:  0.325215777834002
Final avg. MSE: 0.029803095909911304
Final avg. MAE: 0.11820149592180944
R2: 0.325215777834002 +- 0.0
MAE: 0.11820149592180944 +- 0.0
