Fold: 1 	 Test r2: 0.5317 	 Test Loss: 0.0236 	 Test MAE: 0.1167
Fold: 2 	 Test r2: 0.1298 	 Test Loss: 0.0273 	 Test MAE: 0.1111
Fold: 3 	 Test r2: 0.4217 	 Test Loss: 0.0350 	 Test MAE: 0.1105
Fold: 4 	 Test r2: 0.3826 	 Test Loss: 0.0197 	 Test MAE: 0.1162
Fold: 5 	 Test r2: -0.4976 	 Test Loss: 0.0745 	 Test MAE: 0.1946
Final avg. r2:  0.19362082649147028
Final avg. MSE: 0.036019677486477754
Final avg. MAE: 0.12981656268175665
R2: 0.19362082649147028 +- 0.0
MAE: 0.12981656268175665 +- 0.0
