Fold: 1 	 Test r2: 0.2607 	 Test Loss: 0.0533 	 Test MAE: 0.1325
Fold: 2 	 Test r2: 0.2036 	 Test Loss: 0.0279 	 Test MAE: 0.1259
Fold: 3 	 Test r2: 0.4573 	 Test Loss: 0.0167 	 Test MAE: 0.1022
Fold: 4 	 Test r2: 0.5646 	 Test Loss: 0.0208 	 Test MAE: 0.1156
Fold: 5 	 Test r2: 0.3687 	 Test Loss: 0.0304 	 Test MAE: 0.1255
Final avg. r2:  0.37098927994729114
Final avg. MSE: 0.029838458411767403
Final avg. MAE: 0.12034764132291383
R2: 0.37098927994729114 +- 0.0
MAE: 0.12034764132291383 +- 0.0
