Fold: 1 	 Test r2: 0.3918 	 Test Loss: 0.0486 	 Test MAE: 0.1384
Fold: 2 	 Test r2: 0.6073 	 Test Loss: 0.0212 	 Test MAE: 0.1123
Fold: 3 	 Test r2: 0.3903 	 Test Loss: 0.0206 	 Test MAE: 0.1074
Fold: 4 	 Test r2: 0.2939 	 Test Loss: 0.0204 	 Test MAE: 0.1082
Fold: 5 	 Test r2: 0.2494 	 Test Loss: 0.0264 	 Test MAE: 0.1155
Final avg. r2:  0.386543135667555
Final avg. MSE: 0.02743273751101284
Final avg. MAE: 0.11635337268464825
R2: 0.386543135667555 +- 0.0
MAE: 0.11635337268464825 +- 0.0
