Fold: 1 	 Test r2: 0.3098 	 Test Loss: 0.0298 	 Test MAE: 0.1355
Fold: 2 	 Test r2: 0.3915 	 Test Loss: 0.0486 	 Test MAE: 0.1281
Fold: 3 	 Test r2: 0.3482 	 Test Loss: 0.0303 	 Test MAE: 0.1420
Fold: 4 	 Test r2: 0.0714 	 Test Loss: 0.0228 	 Test MAE: 0.1132
Fold: 5 	 Test r2: 0.5405 	 Test Loss: 0.0168 	 Test MAE: 0.0951
Final avg. r2:  0.3322823163535539
Final avg. MSE: 0.029685873083138435
Final avg. MAE: 0.12278237405176065
R2: 0.3322823163535539 +- 0.0
MAE: 0.12278237405176065 +- 0.0
