Fold: 1 	 Test r2: 0.4201 	 Test Loss: 0.0277 	 Test MAE: 0.1209
Fold: 2 	 Test r2: 0.2506 	 Test Loss: 0.0445 	 Test MAE: 0.1196
Fold: 3 	 Test r2: -0.2093 	 Test Loss: 0.0399 	 Test MAE: 0.1299
Fold: 4 	 Test r2: 0.4381 	 Test Loss: 0.0295 	 Test MAE: 0.1165
Fold: 5 	 Test r2: -0.1988 	 Test Loss: 0.0501 	 Test MAE: 0.1526
Final avg. r2:  0.14013395537899154
Final avg. MSE: 0.0383272884165281
Final avg. MAE: 0.12791379463801883
R2: 0.14013395537899154 +- 0.0
MAE: 0.12791379463801883 +- 0.0
