Fold: 1 	 Test r2: 0.3884 	 Test Loss: 0.0352 	 Test MAE: 0.1065
Fold: 2 	 Test r2: 0.3760 	 Test Loss: 0.0266 	 Test MAE: 0.1261
Fold: 3 	 Test r2: 0.5909 	 Test Loss: 0.0140 	 Test MAE: 0.0966
Fold: 4 	 Test r2: 0.5481 	 Test Loss: 0.0217 	 Test MAE: 0.1056
Fold: 5 	 Test r2: 0.3551 	 Test Loss: 0.0326 	 Test MAE: 0.1344
Final avg. r2:  0.4517216587124551
Final avg. MSE: 0.02601025131301286
Final avg. MAE: 0.11384832259381608
R2: 0.4517216587124551 +- 0.0
MAE: 0.11384832259381608 +- 0.0
