Fold: 1 	 Test r2: 0.5796 	 Test Loss: 0.0166 	 Test MAE: 0.1010
Fold: 2 	 Test r2: 0.3513 	 Test Loss: 0.0232 	 Test MAE: 0.1138
Fold: 3 	 Test r2: 0.3593 	 Test Loss: 0.0534 	 Test MAE: 0.1370
Fold: 4 	 Test r2: 0.1803 	 Test Loss: 0.0299 	 Test MAE: 0.1342
Fold: 5 	 Test r2: 0.1976 	 Test Loss: 0.0263 	 Test MAE: 0.1116
Final avg. r2:  0.333630020456947
Final avg. MSE: 0.029884718741791504
Final avg. MAE: 0.11952190690034001
R2: 0.333630020456947 +- 0.0
MAE: 0.11952190690034001 +- 0.0
