Fold: 1 	 Test r2: 0.2632 	 Test Loss: 0.0432 	 Test MAE: 0.1136
Fold: 2 	 Test r2: 0.4868 	 Test Loss: 0.0273 	 Test MAE: 0.1179
Fold: 3 	 Test r2: 0.3811 	 Test Loss: 0.0276 	 Test MAE: 0.1143
Fold: 4 	 Test r2: 0.3445 	 Test Loss: 0.0280 	 Test MAE: 0.1382
Fold: 5 	 Test r2: 0.4105 	 Test Loss: 0.0213 	 Test MAE: 0.1145
Final avg. r2:  0.3771996930801594
Final avg. MSE: 0.02946501688926807
Final avg. MAE: 0.11970627414835555
R2: 0.3771996930801594 +- 0.0
MAE: 0.11970627414835555 +- 0.0
