Fold: 1 	 Test r2: 0.1902 	 Test Loss: 0.0525 	 Test MAE: 0.1250
Fold: 2 	 Test r2: 0.2632 	 Test Loss: 0.0288 	 Test MAE: 0.1325
Fold: 3 	 Test r2: 0.6715 	 Test Loss: 0.0170 	 Test MAE: 0.1025
Fold: 4 	 Test r2: -1.1090 	 Test Loss: 0.0614 	 Test MAE: 0.1190
Fold: 5 	 Test r2: 0.3401 	 Test Loss: 0.0312 	 Test MAE: 0.1358
Final avg. r2:  0.07119521681213528
Final avg. MSE: 0.0381968734051785
Final avg. MAE: 0.12297381346373737
R2: 0.07119521681213528 +- 0.0
MAE: 0.12297381346373737 +- 0.0
