Fold: 1 	 Test r2: 0.0804 	 Test Loss: 0.0730 	 Test MAE: 0.1655
Fold: 2 	 Test r2: 0.3780 	 Test Loss: 0.0228 	 Test MAE: 0.1156
Fold: 3 	 Test r2: 0.3952 	 Test Loss: 0.0202 	 Test MAE: 0.1166
Fold: 4 	 Test r2: 0.3125 	 Test Loss: 0.0208 	 Test MAE: 0.1163
Fold: 5 	 Test r2: 0.1798 	 Test Loss: 0.0370 	 Test MAE: 0.1453
Final avg. r2:  0.2691740907448472
Final avg. MSE: 0.034790062784067294
Final avg. MAE: 0.13186766906913852
R2: 0.2691740907448472 +- 0.0
MAE: 0.13186766906913852 +- 0.0
