Fold: 1 	 Test r2: 0.3612 	 Test Loss: 0.0311 	 Test MAE: 0.1184
Fold: 2 	 Test r2: 0.3416 	 Test Loss: 0.0257 	 Test MAE: 0.1212
Fold: 3 	 Test r2: 0.3607 	 Test Loss: 0.0428 	 Test MAE: 0.1187
Fold: 4 	 Test r2: 0.1329 	 Test Loss: 0.0338 	 Test MAE: 0.1429
Fold: 5 	 Test r2: 0.5462 	 Test Loss: 0.0170 	 Test MAE: 0.1015
Final avg. r2:  0.3485208068523858
Final avg. MSE: 0.030079193199227378
Final avg. MAE: 0.12053460633306175
R2: 0.3485208068523858 +- 0.0
MAE: 0.12053460633306175 +- 0.0
