Fold: 1 	 Test r2: 0.9080 	 Test Loss: 197.7327 	 Test MAE: 10.9614
Fold: 2 	 Test r2: 0.7627 	 Test Loss: 221.3308 	 Test MAE: 11.0934
Fold: 3 	 Test r2: 0.9083 	 Test Loss: 83.5758 	 Test MAE: 7.3712
Fold: 4 	 Test r2: 0.5367 	 Test Loss: 510.2522 	 Test MAE: 14.7585
Fold: 5 	 Test r2: 0.9455 	 Test Loss: 102.9075 	 Test MAE: 7.9343
Final avg. r2:  0.8122234186602041
Final avg. MSE: 223.15978782695205
Final avg. MAE: 10.423772315893853
R2: 0.8122234186602041 +- 0.0
MAE: 10.423772315893853 +- 0.0
