Fold: 1 	 Test r2: 0.8310 	 Test Loss: 362.3224 	 Test MAE: 12.3069
Fold: 2 	 Test r2: 0.8830 	 Test Loss: 133.8151 	 Test MAE: 7.3332
Fold: 3 	 Test r2: 0.8395 	 Test Loss: 150.5695 	 Test MAE: 9.5015
Fold: 4 	 Test r2: 0.9171 	 Test Loss: 135.2422 	 Test MAE: 8.5949
Fold: 5 	 Test r2: 0.8899 	 Test Loss: 126.6199 	 Test MAE: 8.5647
Final avg. r2:  0.8721072307720361
Final avg. MSE: 181.7138138036641
Final avg. MAE: 9.260254197461263
R2: 0.8721072307720361 +- 0.0
MAE: 9.260254197461263 +- 0.0
