Fold: 1 	 Test r2: 0.8589 	 Test Loss: 206.0574 	 Test MAE: 9.1463
Fold: 2 	 Test r2: 0.8360 	 Test Loss: 254.6217 	 Test MAE: 12.1773
Fold: 3 	 Test r2: 0.9095 	 Test Loss: 98.7094 	 Test MAE: 8.0214
Fold: 4 	 Test r2: 0.8017 	 Test Loss: 218.4562 	 Test MAE: 9.5645
Fold: 5 	 Test r2: 0.8942 	 Test Loss: 201.4248 	 Test MAE: 10.8269
Final avg. r2:  0.8600662863930453
Final avg. MSE: 195.85391750635478
Final avg. MAE: 9.947274611677443
R2: 0.8600662863930453 +- 0.0
MAE: 9.947274611677443 +- 0.0
