Fold: 1 	 Test r2: 0.8743 	 Test Loss: 222.0715 	 Test MAE: 11.6972
Fold: 2 	 Test r2: 0.9523 	 Test Loss: 68.7777 	 Test MAE: 6.0539
Fold: 3 	 Test r2: 0.7746 	 Test Loss: 247.3469 	 Test MAE: 10.8327
Fold: 4 	 Test r2: 0.8555 	 Test Loss: 208.4056 	 Test MAE: 10.2230
Fold: 5 	 Test r2: 0.9414 	 Test Loss: 70.6861 	 Test MAE: 6.3276
Final avg. r2:  0.879633113507843
Final avg. MSE: 163.45756123782166
Final avg. MAE: 9.026877557663692
R2: 0.879633113507843 +- 0.0
MAE: 9.026877557663692 +- 0.0
