Fold: 1 	 Test r2: 0.8923 	 Test Loss: 116.2762 	 Test MAE: 8.1204
Fold: 2 	 Test r2: 0.8053 	 Test Loss: 395.5765 	 Test MAE: 12.1754
Fold: 3 	 Test r2: 0.8920 	 Test Loss: 143.8469 	 Test MAE: 9.1492
Fold: 4 	 Test r2: 0.9030 	 Test Loss: 116.2997 	 Test MAE: 7.1278
Fold: 5 	 Test r2: 0.9081 	 Test Loss: 127.0048 	 Test MAE: 8.9194
Final avg. r2:  0.8801305843268278
Final avg. MSE: 179.80083497666504
Final avg. MAE: 9.098456735973013
R2: 0.8801305843268278 +- 0.0
MAE: 9.098456735973013 +- 0.0
