Fold: 1 	 Test r2: 0.8551 	 Test Loss: 220.0465 	 Test MAE: 10.0245
Fold: 2 	 Test r2: 0.9327 	 Test Loss: 92.4811 	 Test MAE: 7.4547
Fold: 3 	 Test r2: 0.8986 	 Test Loss: 127.3089 	 Test MAE: 7.5253
Fold: 4 	 Test r2: 0.8889 	 Test Loss: 170.7907 	 Test MAE: 9.3856
Fold: 5 	 Test r2: 0.8722 	 Test Loss: 180.8336 	 Test MAE: 8.8201
Final avg. r2:  0.8895075332073274
Final avg. MSE: 158.29217520904797
Final avg. MAE: 8.64205789395741
R2: 0.8895075332073274 +- 0.0
MAE: 8.64205789395741 +- 0.0
