Fold: 1 	 Test r2: 0.9494 	 Test Loss: 72.1162 	 Test MAE: 6.0082
Fold: 2 	 Test r2: 0.8663 	 Test Loss: 121.1744 	 Test MAE: 8.0716
Fold: 3 	 Test r2: 0.8460 	 Test Loss: 233.7902 	 Test MAE: 11.0647
Fold: 4 	 Test r2: 0.9212 	 Test Loss: 108.5310 	 Test MAE: 7.5005
Fold: 5 	 Test r2: 0.8229 	 Test Loss: 313.4489 	 Test MAE: 12.1556
Final avg. r2:  0.8811427656776063
Final avg. MSE: 169.81213600472896
Final avg. MAE: 8.960102056339384
R2: 0.8811427656776063 +- 0.0
MAE: 8.960102056339384 +- 0.0
