Fold: 1 	 Test r2: 0.8129 	 Test Loss: 304.5231 	 Test MAE: 11.7944
Fold: 2 	 Test r2: 0.8889 	 Test Loss: 200.0077 	 Test MAE: 9.1979
Fold: 3 	 Test r2: 0.8906 	 Test Loss: 113.5784 	 Test MAE: 8.3645
Fold: 4 	 Test r2: 0.6291 	 Test Loss: 420.4672 	 Test MAE: 14.9396
Fold: 5 	 Test r2: 0.9189 	 Test Loss: 115.6991 	 Test MAE: 7.7944
Final avg. r2:  0.8280846793281531
Final avg. MSE: 230.85508436274444
Final avg. MAE: 10.418168332179388
R2: 0.8280846793281531 +- 0.0
MAE: 10.418168332179388 +- 0.0
