Fold: 1 	 Test r2: 0.7854 	 Test Loss: 284.1015 	 Test MAE: 11.6141
Fold: 2 	 Test r2: 0.8700 	 Test Loss: 143.3912 	 Test MAE: 9.3766
Fold: 3 	 Test r2: 0.8594 	 Test Loss: 153.9795 	 Test MAE: 9.4698
Fold: 4 	 Test r2: 0.9200 	 Test Loss: 164.0978 	 Test MAE: 8.7980
Fold: 5 	 Test r2: 0.9191 	 Test Loss: 124.1647 	 Test MAE: 7.3296
Final avg. r2:  0.8707676324509004
Final avg. MSE: 173.94691761187974
Final avg. MAE: 9.317621356532687
R2: 0.8707676324509004 +- 0.0
MAE: 9.317621356532687 +- 0.0
