Fold: 1 	 Test r2: 0.7442 	 Test Loss: 263.8519 	 Test MAE: 9.8662
Fold: 2 	 Test r2: 0.8951 	 Test Loss: 214.7531 	 Test MAE: 8.4732
Fold: 3 	 Test r2: 0.8647 	 Test Loss: 131.9247 	 Test MAE: 8.4280
Fold: 4 	 Test r2: 0.9050 	 Test Loss: 149.8582 	 Test MAE: 9.2579
Fold: 5 	 Test r2: 0.9341 	 Test Loss: 88.9261 	 Test MAE: 7.7743
Final avg. r2:  0.8686242102895042
Final avg. MSE: 169.86281361193863
Final avg. MAE: 8.759919025784447
R2: 0.8686242102895042 +- 0.0
MAE: 8.759919025784447 +- 0.0
