Fold: 1 	 Test r2: 0.8912 	 Test Loss: 143.1192 	 Test MAE: 9.0327
Fold: 2 	 Test r2: 0.8641 	 Test Loss: 115.3551 	 Test MAE: 8.0766
Fold: 3 	 Test r2: 0.8978 	 Test Loss: 152.8313 	 Test MAE: 7.7288
Fold: 4 	 Test r2: 0.9124 	 Test Loss: 128.3814 	 Test MAE: 7.3933
Fold: 5 	 Test r2: 0.8874 	 Test Loss: 185.6792 	 Test MAE: 8.8513
Final avg. r2:  0.8905741799483888
Final avg. MSE: 145.07324107040245
Final avg. MAE: 8.216557397161212
R2: 0.8905741799483888 +- 0.0
MAE: 8.216557397161212 +- 0.0
