Fold: 1 	 Test r2: 0.8355 	 Test Loss: 259.1465 	 Test MAE: 10.0928
Fold: 2 	 Test r2: 0.9536 	 Test Loss: 64.1296 	 Test MAE: 5.7801
Fold: 3 	 Test r2: 0.8698 	 Test Loss: 150.6546 	 Test MAE: 9.1052
Fold: 4 	 Test r2: 0.9057 	 Test Loss: 171.1486 	 Test MAE: 9.0983
Fold: 5 	 Test r2: 0.8820 	 Test Loss: 130.7736 	 Test MAE: 8.4520
Final avg. r2:  0.8893073728359167
Final avg. MSE: 155.17058248100653
Final avg. MAE: 8.50568736167181
R2: 0.8893073728359167 +- 0.0
MAE: 8.50568736167181 +- 0.0
