Fold: 1 	 Test r2: 0.7697 	 Test Loss: 249.0496 	 Test MAE: 11.0301
Fold: 2 	 Test r2: 0.8896 	 Test Loss: 147.5961 	 Test MAE: 8.7855
Fold: 3 	 Test r2: 0.8406 	 Test Loss: 172.2364 	 Test MAE: 9.3021
Fold: 4 	 Test r2: 0.7834 	 Test Loss: 197.6477 	 Test MAE: 9.2802
Fold: 5 	 Test r2: 0.9102 	 Test Loss: 234.4860 	 Test MAE: 9.9537
Final avg. r2:  0.8386902164715305
Final avg. MSE: 200.2031660882842
Final avg. MAE: 9.6703378187049
R2: 0.8386902164715305 +- 0.0
MAE: 9.6703378187049 +- 0.0
