Fold: 1 	 Test r2: 0.8640 	 Test Loss: 282.1497 	 Test MAE: 10.6716
Fold: 2 	 Test r2: 0.9308 	 Test Loss: 111.5818 	 Test MAE: 6.5815
Fold: 3 	 Test r2: 0.9427 	 Test Loss: 77.8437 	 Test MAE: 6.5221
Fold: 4 	 Test r2: 0.6584 	 Test Loss: 391.1973 	 Test MAE: 14.1555
Fold: 5 	 Test r2: 0.8728 	 Test Loss: 105.1164 	 Test MAE: 7.7807
Final avg. r2:  0.853757159546315
Final avg. MSE: 193.5777989609012
Final avg. MAE: 9.142267479357265
R2: 0.853757159546315 +- 0.0
MAE: 9.142267479357265 +- 0.0
