Fold: 1 	 Test r2: 0.8903 	 Test Loss: 113.7017 	 Test MAE: 7.3549
Fold: 2 	 Test r2: 0.9162 	 Test Loss: 96.3529 	 Test MAE: 6.1981
Fold: 3 	 Test r2: 0.9251 	 Test Loss: 88.2347 	 Test MAE: 6.4829
Fold: 4 	 Test r2: 0.8663 	 Test Loss: 176.8659 	 Test MAE: 9.9273
Fold: 5 	 Test r2: 0.8715 	 Test Loss: 280.1914 	 Test MAE: 11.6618
Final avg. r2:  0.8938944691443897
Final avg. MSE: 151.06932082700033
Final avg. MAE: 8.325025031680152
R2: 0.8938944691443897 +- 0.0
MAE: 8.325025031680152 +- 0.0
