Fold: 1 	 Test r2: 0.9236 	 Test Loss: 116.0950 	 Test MAE: 7.2473
Fold: 2 	 Test r2: 0.8506 	 Test Loss: 231.0500 	 Test MAE: 12.0819
Fold: 3 	 Test r2: 0.8705 	 Test Loss: 229.4261 	 Test MAE: 10.9103
Fold: 4 	 Test r2: 0.9066 	 Test Loss: 122.8638 	 Test MAE: 7.2243
Fold: 5 	 Test r2: 0.8693 	 Test Loss: 117.5319 	 Test MAE: 7.8764
Final avg. r2:  0.884131745440101
Final avg. MSE: 163.3933530869279
Final avg. MAE: 9.068030142447068
R2: 0.884131745440101 +- 0.0
MAE: 9.068030142447068 +- 0.0
