Fold: 1 	 Test r2: 0.8702 	 Test Loss: 231.1311 	 Test MAE: 10.2169
Fold: 2 	 Test r2: 0.9329 	 Test Loss: 75.3058 	 Test MAE: 6.6111
Fold: 3 	 Test r2: 0.9058 	 Test Loss: 80.1759 	 Test MAE: 6.7836
Fold: 4 	 Test r2: 0.9016 	 Test Loss: 181.0579 	 Test MAE: 9.7272
Fold: 5 	 Test r2: 0.8654 	 Test Loss: 199.7668 	 Test MAE: 10.5209
Final avg. r2:  0.8951953344036649
Final avg. MSE: 153.48751048416497
Final avg. MAE: 8.771944240729015
R2: 0.8951953344036649 +- 0.0
MAE: 8.771944240729015 +- 0.0
