Fold: 1 	 Test r2: 0.8807 	 Test Loss: 220.4592 	 Test MAE: 9.7408
Fold: 2 	 Test r2: 0.8758 	 Test Loss: 210.1346 	 Test MAE: 11.0233
Fold: 3 	 Test r2: 0.8626 	 Test Loss: 159.6095 	 Test MAE: 8.9475
Fold: 4 	 Test r2: 0.8560 	 Test Loss: 228.5057 	 Test MAE: 11.1254
Fold: 5 	 Test r2: 0.8679 	 Test Loss: 107.5499 	 Test MAE: 7.6855
Final avg. r2:  0.8685911930750875
Final avg. MSE: 185.2517777116829
Final avg. MAE: 9.70449895404634
R2: 0.8685911930750875 +- 0.0
MAE: 9.70449895404634 +- 0.0
