Fold: 1 	 Test r2: 0.9098 	 Test Loss: 109.3043 	 Test MAE: 7.9432
Fold: 2 	 Test r2: 0.7378 	 Test Loss: 247.7183 	 Test MAE: 12.0897
Fold: 3 	 Test r2: 0.7989 	 Test Loss: 252.2585 	 Test MAE: 11.7258
Fold: 4 	 Test r2: 0.9305 	 Test Loss: 125.2753 	 Test MAE: 8.0272
Fold: 5 	 Test r2: 0.9358 	 Test Loss: 116.0874 	 Test MAE: 7.2276
Final avg. r2:  0.8625673767536239
Final avg. MSE: 170.12874603201092
Final avg. MAE: 9.402702917939141
R2: 0.8625673767536239 +- 0.0
MAE: 9.402702917939141 +- 0.0
