Fold: 1 	 Test r2: 0.9026 	 Test Loss: 120.2490 	 Test MAE: 8.7050
Fold: 2 	 Test r2: 0.8672 	 Test Loss: 192.2944 	 Test MAE: 9.9349
Fold: 3 	 Test r2: 0.6449 	 Test Loss: 378.6819 	 Test MAE: 14.2024
Fold: 4 	 Test r2: 0.8420 	 Test Loss: 257.6444 	 Test MAE: 9.7950
Fold: 5 	 Test r2: 0.8910 	 Test Loss: 167.9575 	 Test MAE: 9.8584
Final avg. r2:  0.8295458690982143
Final avg. MSE: 223.3654377509435
Final avg. MAE: 10.49914828936259
R2: 0.8295458690982143 +- 0.0
MAE: 10.49914828936259 +- 0.0
