Fold: 1 	 Test r2: 0.9002 	 Test Loss: 165.3320 	 Test MAE: 8.7422
Fold: 2 	 Test r2: 0.7065 	 Test Loss: 392.3983 	 Test MAE: 16.8650
Fold: 3 	 Test r2: 0.7298 	 Test Loss: 293.8657 	 Test MAE: 11.2553
Fold: 4 	 Test r2: 0.8482 	 Test Loss: 140.7452 	 Test MAE: 7.8312
Fold: 5 	 Test r2: 0.9393 	 Test Loss: 128.4991 	 Test MAE: 8.0140
Final avg. r2:  0.8248226754000483
Final avg. MSE: 224.16804940671628
Final avg. MAE: 10.541559361276173
R2: 0.8248226754000483 +- 0.0
MAE: 10.541559361276173 +- 0.0
