Fold: 1 	 Test r2: 0.8382 	 Test Loss: 152.6442 	 Test MAE: 9.0249
Fold: 2 	 Test r2: 0.8120 	 Test Loss: 319.6732 	 Test MAE: 13.4576
Fold: 3 	 Test r2: 0.8234 	 Test Loss: 182.2085 	 Test MAE: 8.4268
Fold: 4 	 Test r2: 0.9209 	 Test Loss: 115.0090 	 Test MAE: 8.0240
Fold: 5 	 Test r2: 0.7847 	 Test Loss: 419.2926 	 Test MAE: 11.9383
Final avg. r2:  0.8358325642512657
Final avg. MSE: 237.7654963412195
Final avg. MAE: 10.17429721472519
R2: 0.8358325642512657 +- 0.0
MAE: 10.17429721472519 +- 0.0
