Fold: 1 	 Test r2: 0.8422 	 Test Loss: 248.3756 	 Test MAE: 10.5907
Fold: 2 	 Test r2: 0.8940 	 Test Loss: 155.3199 	 Test MAE: 9.4114
Fold: 3 	 Test r2: 0.8916 	 Test Loss: 116.1468 	 Test MAE: 7.7994
Fold: 4 	 Test r2: 0.8648 	 Test Loss: 191.4058 	 Test MAE: 8.1620
Fold: 5 	 Test r2: 0.9258 	 Test Loss: 104.3800 	 Test MAE: 7.6125
Final avg. r2:  0.8836796166123368
Final avg. MSE: 163.12561379679312
Final avg. MAE: 8.715203700108187
R2: 0.8836796166123368 +- 0.0
MAE: 8.715203700108187 +- 0.0
