Fold: 1 	 Test r2: 0.9021 	 Test Loss: 152.8644 	 Test MAE: 7.8013
Fold: 2 	 Test r2: 0.8415 	 Test Loss: 176.2690 	 Test MAE: 10.0245
Fold: 3 	 Test r2: 0.9109 	 Test Loss: 102.0672 	 Test MAE: 6.9086
Fold: 4 	 Test r2: 0.8272 	 Test Loss: 384.7833 	 Test MAE: 12.3631
Fold: 5 	 Test r2: 0.8908 	 Test Loss: 93.8491 	 Test MAE: 6.9172
Final avg. r2:  0.8745055323178977
Final avg. MSE: 181.96660410003818
Final avg. MAE: 8.80292839297936
R2: 0.8745055323178977 +- 0.0
MAE: 8.80292839297936 +- 0.0
