Fold: 1 	 Test r2: 0.8441 	 Test Loss: 151.6146 	 Test MAE: 8.5442
Fold: 2 	 Test r2: 0.9301 	 Test Loss: 117.2943 	 Test MAE: 8.4509
Fold: 3 	 Test r2: 0.8218 	 Test Loss: 376.8809 	 Test MAE: 11.6024
Fold: 4 	 Test r2: 0.9232 	 Test Loss: 85.7990 	 Test MAE: 6.6689
Fold: 5 	 Test r2: 0.8871 	 Test Loss: 135.5274 	 Test MAE: 8.2866
Final avg. r2:  0.8812618992596943
Final avg. MSE: 173.4232288078116
Final avg. MAE: 8.71061502070654
R2: 0.8812618992596943 +- 0.0
MAE: 8.71061502070654 +- 0.0
