Fold: 1 	 Test r2: 0.9512 	 Test Loss: 66.5659 	 Test MAE: 5.8770
Fold: 2 	 Test r2: 0.9349 	 Test Loss: 93.0389 	 Test MAE: 6.2558
Fold: 3 	 Test r2: 0.8185 	 Test Loss: 267.6417 	 Test MAE: 12.2668
Fold: 4 	 Test r2: 0.9348 	 Test Loss: 61.1111 	 Test MAE: 6.3539
Fold: 5 	 Test r2: 0.8527 	 Test Loss: 280.8732 	 Test MAE: 11.4987
Final avg. r2:  0.8984024722358563
Final avg. MSE: 153.84618088279223
Final avg. MAE: 8.450439217544737
R2: 0.8984024722358563 +- 0.0
MAE: 8.450439217544737 +- 0.0
