Fold: 1 	 Test r2: 0.8785 	 Test Loss: 315.9383 	 Test MAE: 10.6982
Fold: 2 	 Test r2: 0.8957 	 Test Loss: 121.8814 	 Test MAE: 8.1990
Fold: 3 	 Test r2: 0.8786 	 Test Loss: 134.6871 	 Test MAE: 9.1605
Fold: 4 	 Test r2: 0.9319 	 Test Loss: 78.0899 	 Test MAE: 6.6450
Fold: 5 	 Test r2: 0.6942 	 Test Loss: 277.5672 	 Test MAE: 11.3452
Final avg. r2:  0.8557835357968304
Final avg. MSE: 185.63278190652989
Final avg. MAE: 9.209596401204665
R2: 0.8557835357968304 +- 0.0
MAE: 9.209596401204665 +- 0.0
