Fold: 1 	 Test r2: 0.8764 	 Test Loss: 171.2940 	 Test MAE: 9.6707
Fold: 2 	 Test r2: 0.8926 	 Test Loss: 61.8222 	 Test MAE: 6.3064
Fold: 3 	 Test r2: 0.9244 	 Test Loss: 206.9248 	 Test MAE: 10.0748
Fold: 4 	 Test r2: 0.8166 	 Test Loss: 222.8932 	 Test MAE: 11.0208
Fold: 5 	 Test r2: 0.8299 	 Test Loss: 191.0811 	 Test MAE: 10.3565
Final avg. r2:  0.8679754561046871
Final avg. MSE: 170.8030476805965
Final avg. MAE: 9.485832666783105
R2: 0.8679754561046871 +- 0.0
MAE: 9.485832666783105 +- 0.0
