Fold: 1 	 Test r2: 0.8315 	 Test Loss: 165.8736 	 Test MAE: 7.9389
Fold: 2 	 Test r2: 0.9058 	 Test Loss: 166.8009 	 Test MAE: 8.7051
Fold: 3 	 Test r2: 0.9450 	 Test Loss: 76.0599 	 Test MAE: 6.7710
Fold: 4 	 Test r2: 0.8866 	 Test Loss: 152.2018 	 Test MAE: 8.6935
Fold: 5 	 Test r2: 0.8834 	 Test Loss: 184.2607 	 Test MAE: 10.1554
Final avg. r2:  0.890450058880837
Final avg. MSE: 149.03937071717525
Final avg. MAE: 8.452784949824922
R2: 0.890450058880837 +- 0.0
MAE: 8.452784949824922 +- 0.0
