Fold: 1 	 Test r2: 0.9243 	 Test Loss: 110.5648 	 Test MAE: 8.1066
Fold: 2 	 Test r2: 0.9440 	 Test Loss: 101.5232 	 Test MAE: 6.9071
Fold: 3 	 Test r2: 0.8665 	 Test Loss: 159.1103 	 Test MAE: 9.6289
Fold: 4 	 Test r2: 0.9133 	 Test Loss: 135.8011 	 Test MAE: 8.5005
Fold: 5 	 Test r2: 0.8095 	 Test Loss: 166.5644 	 Test MAE: 9.0803
Final avg. r2:  0.8915143886534361
Final avg. MSE: 134.71276164132559
Final avg. MAE: 8.44470389456976
R2: 0.8915143886534361 +- 0.0
MAE: 8.44470389456976 +- 0.0
