Fold: 1 	 Test r2: 0.8918 	 Test Loss: 114.1774 	 Test MAE: 8.7477
Fold: 2 	 Test r2: 0.8950 	 Test Loss: 144.5314 	 Test MAE: 8.7133
Fold: 3 	 Test r2: 0.8656 	 Test Loss: 147.1976 	 Test MAE: 7.2861
Fold: 4 	 Test r2: 0.9309 	 Test Loss: 103.3218 	 Test MAE: 8.4120
Fold: 5 	 Test r2: 0.9540 	 Test Loss: 95.6355 	 Test MAE: 7.0300
Final avg. r2:  0.9074731857736758
Final avg. MSE: 120.9727363319416
Final avg. MAE: 8.037812529096291
R2: 0.9074731857736758 +- 0.0
MAE: 8.037812529096291 +- 0.0
