Fold: 1 	 Test r2: 0.8480 	 Test Loss: 181.4013 	 Test MAE: 9.4802
Fold: 2 	 Test r2: 0.8633 	 Test Loss: 113.7673 	 Test MAE: 8.5301
Fold: 3 	 Test r2: 0.9545 	 Test Loss: 95.0783 	 Test MAE: 6.9054
Fold: 4 	 Test r2: 0.7763 	 Test Loss: 240.0717 	 Test MAE: 10.2279
Fold: 5 	 Test r2: 0.8677 	 Test Loss: 235.5583 	 Test MAE: 10.6225
Final avg. r2:  0.8619511512423441
Final avg. MSE: 173.17535949367496
Final avg. MAE: 9.153230205439918
R2: 0.8619511512423441 +- 0.0
MAE: 9.153230205439918 +- 0.0
