Fold: 1 	 Test r2: 0.8098 	 Test Loss: 324.0449 	 Test MAE: 11.6246
Fold: 2 	 Test r2: 0.9585 	 Test Loss: 76.3936 	 Test MAE: 6.1373
Fold: 3 	 Test r2: 0.7974 	 Test Loss: 90.4604 	 Test MAE: 7.5385
Fold: 4 	 Test r2: 0.9169 	 Test Loss: 136.2783 	 Test MAE: 9.3022
Fold: 5 	 Test r2: 0.8921 	 Test Loss: 156.6812 	 Test MAE: 9.2708
Final avg. r2:  0.8749442466799134
Final avg. MSE: 156.7717049298548
Final avg. MAE: 8.774687867150421
R2: 0.8749442466799134 +- 0.0
MAE: 8.774687867150421 +- 0.0
