Fold: 1 	 Test r2: 0.8708 	 Test Loss: 160.2050 	 Test MAE: 9.6304
Fold: 2 	 Test r2: 0.8018 	 Test Loss: 376.8023 	 Test MAE: 12.7659
Fold: 3 	 Test r2: 0.9108 	 Test Loss: 121.6128 	 Test MAE: 7.8872
Fold: 4 	 Test r2: 0.9079 	 Test Loss: 127.0559 	 Test MAE: 9.0477
Fold: 5 	 Test r2: 0.9024 	 Test Loss: 115.5651 	 Test MAE: 8.9420
Final avg. r2:  0.8787202193362255
Final avg. MSE: 180.24821350249752
Final avg. MAE: 9.654628918284462
R2: 0.8787202193362255 +- 0.0
MAE: 9.654628918284462 +- 0.0
