Fold: 1 	 Test r2: 0.9094 	 Test Loss: 156.3380 	 Test MAE: 10.4144
Fold: 2 	 Test r2: 0.8988 	 Test Loss: 115.2266 	 Test MAE: 8.1496
Fold: 3 	 Test r2: 0.8674 	 Test Loss: 209.0077 	 Test MAE: 9.9089
Fold: 4 	 Test r2: 0.7454 	 Test Loss: 284.7347 	 Test MAE: 10.9283
Fold: 5 	 Test r2: 0.9155 	 Test Loss: 126.6546 	 Test MAE: 8.5387
Final avg. r2:  0.8673025771109435
Final avg. MSE: 178.3923261283341
Final avg. MAE: 9.58797181674412
R2: 0.8673025771109435 +- 0.0
MAE: 9.58797181674412 +- 0.0
