Fold: 1 	 Test r2: 0.9601 	 Test Loss: 53.8198 	 Test MAE: 5.2871
Fold: 2 	 Test r2: 0.7545 	 Test Loss: 369.7467 	 Test MAE: 12.9134
Fold: 3 	 Test r2: 0.9770 	 Test Loss: 40.0092 	 Test MAE: 4.6557
Fold: 4 	 Test r2: 0.9050 	 Test Loss: 93.3544 	 Test MAE: 6.7816
Fold: 5 	 Test r2: 0.9511 	 Test Loss: 68.0040 	 Test MAE: 6.1537
Final avg. r2:  0.9095429184196137
Final avg. MSE: 124.98682156023683
Final avg. MAE: 7.158284110114688
R2: 0.9095429184196137 +- 0.0
MAE: 7.158284110114688 +- 0.0
