Fold: 1 	 Test r2: 0.9159 	 Test Loss: 109.8643 	 Test MAE: 8.0318
Fold: 2 	 Test r2: 0.7018 	 Test Loss: 350.0177 	 Test MAE: 12.0150
Fold: 3 	 Test r2: 0.8957 	 Test Loss: 194.9785 	 Test MAE: 11.9272
Fold: 4 	 Test r2: 0.7956 	 Test Loss: 364.3546 	 Test MAE: 11.1260
Fold: 5 	 Test r2: 0.8151 	 Test Loss: 169.4109 	 Test MAE: 8.2150
Final avg. r2:  0.8248282304534463
Final avg. MSE: 237.72517041499123
Final avg. MAE: 10.263001091139657
R2: 0.8248282304534463 +- 0.0
MAE: 10.263001091139657 +- 0.0
