Fold: 1 	 Test r2: 0.8572 	 Test Loss: 198.1471 	 Test MAE: 9.9513
Fold: 2 	 Test r2: 0.9111 	 Test Loss: 179.3036 	 Test MAE: 9.9285
Fold: 3 	 Test r2: 0.8083 	 Test Loss: 150.2666 	 Test MAE: 8.5966
Fold: 4 	 Test r2: 0.9242 	 Test Loss: 94.8696 	 Test MAE: 7.3819
Fold: 5 	 Test r2: 0.8727 	 Test Loss: 189.8593 	 Test MAE: 10.0403
Final avg. r2:  0.8746869601219733
Final avg. MSE: 162.48923104140138
Final avg. MAE: 9.179729525815873
R2: 0.8746869601219733 +- 0.0
MAE: 9.179729525815873 +- 0.0
