Fold: 1 	 Test r2: 0.8775 	 Test Loss: 139.4313 	 Test MAE: 7.4639
Fold: 2 	 Test r2: 0.9276 	 Test Loss: 174.3172 	 Test MAE: 9.7642
Fold: 3 	 Test r2: 0.9252 	 Test Loss: 125.1031 	 Test MAE: 8.6255
Fold: 4 	 Test r2: 0.6913 	 Test Loss: 243.1173 	 Test MAE: 12.5496
Fold: 5 	 Test r2: 0.8980 	 Test Loss: 108.9920 	 Test MAE: 8.1157
Final avg. r2:  0.8639248529625583
Final avg. MSE: 158.19217640731782
Final avg. MAE: 9.30378347947484
R2: 0.8639248529625583 +- 0.0
MAE: 9.30378347947484 +- 0.0
