Fold: 1 	 Test r2: 0.6847 	 Test Loss: 178.3682 	 Test MAE: 9.6099
Fold: 2 	 Test r2: 0.9504 	 Test Loss: 91.3674 	 Test MAE: 6.7417
Fold: 3 	 Test r2: 0.9139 	 Test Loss: 125.1757 	 Test MAE: 8.4635
Fold: 4 	 Test r2: 0.9390 	 Test Loss: 123.2361 	 Test MAE: 8.6218
Fold: 5 	 Test r2: 0.8254 	 Test Loss: 202.8419 	 Test MAE: 10.9904
Final avg. r2:  0.8626719401233622
Final avg. MSE: 144.19785869448782
Final avg. MAE: 8.885475859187899
R2: 0.8626719401233622 +- 0.0
MAE: 8.885475859187899 +- 0.0
