Fold: 1 	 Test r2: 0.9258 	 Test Loss: 78.0165 	 Test MAE: 6.2540
Fold: 2 	 Test r2: 0.8486 	 Test Loss: 183.5582 	 Test MAE: 9.4575
Fold: 3 	 Test r2: 0.8600 	 Test Loss: 216.7173 	 Test MAE: 11.6968
Fold: 4 	 Test r2: 0.8816 	 Test Loss: 245.7600 	 Test MAE: 9.0238
Fold: 5 	 Test r2: 0.8323 	 Test Loss: 193.5678 	 Test MAE: 10.1580
Final avg. r2:  0.8696680030872044
Final avg. MSE: 183.5239417733891
Final avg. MAE: 9.318037657510667
R2: 0.8696680030872044 +- 0.0
MAE: 9.318037657510667 +- 0.0
