Fold: 1 	 Test r2: 0.8766 	 Test Loss: 169.4734 	 Test MAE: 10.0783
Fold: 2 	 Test r2: 0.8347 	 Test Loss: 297.1200 	 Test MAE: 11.7612
Fold: 3 	 Test r2: 0.8098 	 Test Loss: 275.2861 	 Test MAE: 11.0112
Fold: 4 	 Test r2: 0.8755 	 Test Loss: 146.5291 	 Test MAE: 7.7854
Fold: 5 	 Test r2: 0.9136 	 Test Loss: 100.4689 	 Test MAE: 7.5498
Final avg. r2:  0.8620317974885241
Final avg. MSE: 197.77549805466998
Final avg. MAE: 9.63719845953442
R2: 0.8620317974885241 +- 0.0
MAE: 9.63719845953442 +- 0.0
