Fold: 1 	 Test r2: 0.7848 	 Test Loss: 302.6971 	 Test MAE: 12.2130
Fold: 2 	 Test r2: 0.8112 	 Test Loss: 271.7508 	 Test MAE: 11.0855
Fold: 3 	 Test r2: 0.9188 	 Test Loss: 101.9852 	 Test MAE: 6.9820
Fold: 4 	 Test r2: 0.9136 	 Test Loss: 137.3240 	 Test MAE: 7.0243
Fold: 5 	 Test r2: 0.8455 	 Test Loss: 209.5576 	 Test MAE: 10.9831
Final avg. r2:  0.8547639229669726
Final avg. MSE: 204.66295821572012
Final avg. MAE: 9.657568602334885
R2: 0.8547639229669726 +- 0.0
MAE: 9.657568602334885 +- 0.0
