Fold: 1 	 Test r2: 0.8799 	 Test Loss: 243.1144 	 Test MAE: 9.7664
Fold: 2 	 Test r2: 0.9482 	 Test Loss: 92.0211 	 Test MAE: 7.0445
Fold: 3 	 Test r2: 0.8852 	 Test Loss: 121.4753 	 Test MAE: 8.2846
Fold: 4 	 Test r2: 0.9403 	 Test Loss: 69.6917 	 Test MAE: 6.0347
Fold: 5 	 Test r2: 0.9077 	 Test Loss: 97.6013 	 Test MAE: 7.6963
Final avg. r2:  0.9122518065170103
Final avg. MSE: 124.7807656272353
Final avg. MAE: 7.765313524859292
R2: 0.9122518065170103 +- 0.0
MAE: 7.765313524859292 +- 0.0
