Fold: 1 	 Test r2: 0.8640 	 Test Loss: 226.3238 	 Test MAE: 10.5359
Fold: 2 	 Test r2: 0.8922 	 Test Loss: 120.1810 	 Test MAE: 8.2926
Fold: 3 	 Test r2: 0.8462 	 Test Loss: 292.7489 	 Test MAE: 11.0886
Fold: 4 	 Test r2: 0.7779 	 Test Loss: 275.4013 	 Test MAE: 9.3349
Fold: 5 	 Test r2: 0.8655 	 Test Loss: 155.6119 	 Test MAE: 9.5669
Final avg. r2:  0.8491652142298349
Final avg. MSE: 214.0533871103809
Final avg. MAE: 9.76378012696902
R2: 0.8491652142298349 +- 0.0
MAE: 9.76378012696902 +- 0.0
