Fold: 1 	 Test r2: 0.9479 	 Test Loss: 66.2086 	 Test MAE: 6.5762
Fold: 2 	 Test r2: 0.8085 	 Test Loss: 314.9502 	 Test MAE: 12.3525
Fold: 3 	 Test r2: 0.9123 	 Test Loss: 117.5079 	 Test MAE: 8.1083
Fold: 4 	 Test r2: 0.8429 	 Test Loss: 232.5942 	 Test MAE: 9.8881
Fold: 5 	 Test r2: 0.7733 	 Test Loss: 289.4378 	 Test MAE: 13.2372
Final avg. r2:  0.8569738412031714
Final avg. MSE: 204.13974761248988
Final avg. MAE: 10.03245554140636
R2: 0.8569738412031714 +- 0.0
MAE: 10.03245554140636 +- 0.0
