Fold: 1 	 Test r2: 0.8465 	 Test Loss: 292.4796 	 Test MAE: 11.5549
Fold: 2 	 Test r2: 0.9342 	 Test Loss: 78.4535 	 Test MAE: 6.9507
Fold: 3 	 Test r2: 0.9096 	 Test Loss: 133.4148 	 Test MAE: 8.5549
Fold: 4 	 Test r2: 0.8811 	 Test Loss: 138.5999 	 Test MAE: 9.1259
Fold: 5 	 Test r2: 0.8708 	 Test Loss: 161.6444 	 Test MAE: 9.0999
Final avg. r2:  0.8884360014496343
Final avg. MSE: 160.91842145351103
Final avg. MAE: 9.057250051839011
R2: 0.8884360014496343 +- 0.0
MAE: 9.057250051839011 +- 0.0
