Fold: 1 	 Test r2: 0.9106 	 Test Loss: 179.9094 	 Test MAE: 8.1929
Fold: 2 	 Test r2: 0.7174 	 Test Loss: 315.9699 	 Test MAE: 11.5043
Fold: 3 	 Test r2: 0.9123 	 Test Loss: 150.1136 	 Test MAE: 9.2820
Fold: 4 	 Test r2: 0.8980 	 Test Loss: 104.8009 	 Test MAE: 7.5557
Fold: 5 	 Test r2: 0.8907 	 Test Loss: 129.2526 	 Test MAE: 9.9256
Final avg. r2:  0.8658108612424176
Final avg. MSE: 176.00927812250637
Final avg. MAE: 9.292088439918698
R2: 0.8658108612424176 +- 0.0
MAE: 9.292088439918698 +- 0.0
