Fold: 1 	 Test r2: 0.8550 	 Test Loss: 174.8966 	 Test MAE: 9.7574
Fold: 2 	 Test r2: 0.7741 	 Test Loss: 274.2339 	 Test MAE: 9.5749
Fold: 3 	 Test r2: 0.9035 	 Test Loss: 102.2966 	 Test MAE: 7.5039
Fold: 4 	 Test r2: 0.8842 	 Test Loss: 237.0784 	 Test MAE: 11.5977
Fold: 5 	 Test r2: 0.9010 	 Test Loss: 156.6356 	 Test MAE: 8.5004
Final avg. r2:  0.8635461083337785
Final avg. MSE: 189.02823278330038
Final avg. MAE: 9.386861871395793
R2: 0.8635461083337785 +- 0.0
MAE: 9.386861871395793 +- 0.0
