Fold: 1 	 Test r2: 0.9122 	 Test Loss: 147.0269 	 Test MAE: 8.2963
Fold: 2 	 Test r2: 0.9367 	 Test Loss: 92.6759 	 Test MAE: 6.9338
Fold: 3 	 Test r2: 0.9114 	 Test Loss: 123.2160 	 Test MAE: 7.9451
Fold: 4 	 Test r2: 0.6492 	 Test Loss: 386.3630 	 Test MAE: 14.6586
Fold: 5 	 Test r2: 0.8851 	 Test Loss: 167.8562 	 Test MAE: 8.9637
Final avg. r2:  0.8589110971436202
Final avg. MSE: 183.42762195944024
Final avg. MAE: 9.359484614644732
R2: 0.8589110971436202 +- 0.0
MAE: 9.359484614644732 +- 0.0
