Fold: 1 	 Test r2: 0.9088 	 Test Loss: 109.6849 	 Test MAE: 7.8613
Fold: 2 	 Test r2: 0.7651 	 Test Loss: 190.2047 	 Test MAE: 10.4448
Fold: 3 	 Test r2: 0.9555 	 Test Loss: 77.1255 	 Test MAE: 6.5178
Fold: 4 	 Test r2: 0.8110 	 Test Loss: 342.6382 	 Test MAE: 12.9525
Fold: 5 	 Test r2: 0.9294 	 Test Loss: 93.4832 	 Test MAE: 6.9792
Final avg. r2:  0.8739714515611832
Final avg. MSE: 162.6272965314226
Final avg. MAE: 8.951091434771106
R2: 0.8739714515611832 +- 0.0
MAE: 8.951091434771106 +- 0.0
