Fold: 1 	 Test r2: 0.8680 	 Test Loss: 155.7545 	 Test MAE: 9.1195
Fold: 2 	 Test r2: 0.8416 	 Test Loss: 129.2070 	 Test MAE: 8.3018
Fold: 3 	 Test r2: 0.9448 	 Test Loss: 115.6756 	 Test MAE: 7.7088
Fold: 4 	 Test r2: 0.9227 	 Test Loss: 91.6556 	 Test MAE: 7.6044
Fold: 5 	 Test r2: 0.7534 	 Test Loss: 433.2426 	 Test MAE: 13.7084
Final avg. r2:  0.866104479634048
Final avg. MSE: 185.10707546759278
Final avg. MAE: 9.288579358870075
R2: 0.866104479634048 +- 0.0
MAE: 9.288579358870075 +- 0.0
