Fold: 1 	 Test r2: 0.8785 	 Test Loss: 135.0582 	 Test MAE: 8.5112
Fold: 2 	 Test r2: 0.8553 	 Test Loss: 207.0636 	 Test MAE: 10.3556
Fold: 3 	 Test r2: 0.9230 	 Test Loss: 131.2824 	 Test MAE: 7.3677
Fold: 4 	 Test r2: 0.9004 	 Test Loss: 151.2738 	 Test MAE: 9.5281
Fold: 5 	 Test r2: 0.8709 	 Test Loss: 155.0641 	 Test MAE: 9.5396
Final avg. r2:  0.885613964484401
Final avg. MSE: 155.94841308263773
Final avg. MAE: 9.060449419702802
R2: 0.885613964484401 +- 0.0
MAE: 9.060449419702802 +- 0.0
