Fold: 1 	 Test r2: 0.8317 	 Test Loss: 219.1207 	 Test MAE: 10.5224
Fold: 2 	 Test r2: 0.9017 	 Test Loss: 172.5830 	 Test MAE: 9.9421
Fold: 3 	 Test r2: 0.5975 	 Test Loss: 530.4615 	 Test MAE: 12.7157
Fold: 4 	 Test r2: 0.9058 	 Test Loss: 111.5809 	 Test MAE: 7.7168
Fold: 5 	 Test r2: 0.5978 	 Test Loss: 534.5289 	 Test MAE: 13.9847
Final avg. r2:  0.7669076856615502
Final avg. MSE: 313.6549908734405
Final avg. MAE: 10.97635114789009
R2: 0.7669076856615502 +- 0.0
MAE: 10.97635114789009 +- 0.0
