Fold: 1 	 Test r2: 0.9006 	 Test Loss: 160.9172 	 Test MAE: 9.9234
Fold: 2 	 Test r2: 0.7220 	 Test Loss: 271.3373 	 Test MAE: 12.2128
Fold: 3 	 Test r2: 0.8907 	 Test Loss: 152.5221 	 Test MAE: 8.5827
Fold: 4 	 Test r2: 0.9484 	 Test Loss: 69.7972 	 Test MAE: 6.2332
Fold: 5 	 Test r2: 0.9153 	 Test Loss: 149.6573 	 Test MAE: 8.8296
Final avg. r2:  0.8753825923419779
Final avg. MSE: 160.84624163998868
Final avg. MAE: 9.156334991895019
R2: 0.8753825923419779 +- 0.0
MAE: 9.156334991895019 +- 0.0
