Fold: 1 	 Test r2: 0.9320 	 Test Loss: 87.4338 	 Test MAE: 7.3163
Fold: 2 	 Test r2: 0.8423 	 Test Loss: 195.0596 	 Test MAE: 10.5638
Fold: 3 	 Test r2: 0.6437 	 Test Loss: 296.7539 	 Test MAE: 11.5249
Fold: 4 	 Test r2: 0.8084 	 Test Loss: 338.6961 	 Test MAE: 13.8685
Fold: 5 	 Test r2: 0.8816 	 Test Loss: 224.6349 	 Test MAE: 10.7774
Final avg. r2:  0.8215839834857197
Final avg. MSE: 228.5156502037185
Final avg. MAE: 10.810189812523978
R2: 0.8215839834857197 +- 0.0
MAE: 10.810189812523978 +- 0.0
