Fold: 1 	 Test r2: 0.8504 	 Test Loss: 147.2768 	 Test MAE: 8.8524
Fold: 2 	 Test r2: 0.6885 	 Test Loss: 300.2597 	 Test MAE: 12.7892
Fold: 3 	 Test r2: 0.7398 	 Test Loss: 494.1442 	 Test MAE: 12.8825
Fold: 4 	 Test r2: 0.8903 	 Test Loss: 171.8209 	 Test MAE: 8.8577
Fold: 5 	 Test r2: 0.8638 	 Test Loss: 207.5840 	 Test MAE: 10.0568
Final avg. r2:  0.8065525350732405
Final avg. MSE: 264.21712818638764
Final avg. MAE: 10.68772986048744
R2: 0.8065525350732405 +- 0.0
MAE: 10.68772986048744 +- 0.0
