Fold: 1 	 Test r2: 0.8839 	 Test Loss: 175.1414 	 Test MAE: 10.1814
Fold: 2 	 Test r2: 0.8463 	 Test Loss: 173.1592 	 Test MAE: 10.2653
Fold: 3 	 Test r2: 0.8773 	 Test Loss: 254.1796 	 Test MAE: 9.8166
Fold: 4 	 Test r2: 0.8651 	 Test Loss: 181.1352 	 Test MAE: 10.0423
Fold: 5 	 Test r2: 0.7989 	 Test Loss: 200.0494 	 Test MAE: 10.4394
Final avg. r2:  0.854293264041963
Final avg. MSE: 196.7329598010944
Final avg. MAE: 10.149018377633322
R2: 0.854293264041963 +- 0.0
MAE: 10.149018377633322 +- 0.0
