Fold: 1 	 Test r2: 0.8524 	 Test Loss: 221.1045 	 Test MAE: 10.0811
Fold: 2 	 Test r2: 0.8397 	 Test Loss: 299.9802 	 Test MAE: 10.3876
Fold: 3 	 Test r2: 0.5545 	 Test Loss: 392.2835 	 Test MAE: 14.3197
Fold: 4 	 Test r2: 0.9230 	 Test Loss: 95.9224 	 Test MAE: 6.1305
Fold: 5 	 Test r2: 0.9352 	 Test Loss: 97.4837 	 Test MAE: 5.5385
Final avg. r2:  0.8209301898010427
Final avg. MSE: 221.35484482720022
Final avg. MAE: 9.291470472904898
R2: 0.8209301898010427 +- 0.0
MAE: 9.291470472904898 +- 0.0
