Fold: 1 	 Test r2: 0.8697 	 Test Loss: 203.3950 	 Test MAE: 8.7995
Fold: 2 	 Test r2: 0.6651 	 Test Loss: 567.3785 	 Test MAE: 15.7824
Fold: 3 	 Test r2: 0.9112 	 Test Loss: 134.2966 	 Test MAE: 8.2197
Fold: 4 	 Test r2: 0.9239 	 Test Loss: 98.9384 	 Test MAE: 7.6304
Fold: 5 	 Test r2: 0.8474 	 Test Loss: 137.5081 	 Test MAE: 8.0823
Final avg. r2:  0.8434401221574225
Final avg. MSE: 228.30333567253624
Final avg. MAE: 9.702863051352045
R2: 0.8434401221574225 +- 0.0
MAE: 9.702863051352045 +- 0.0
