Fold: 1 	 Test r2: 0.7466 	 Test Loss: 240.4613 	 Test MAE: 11.2387
Fold: 2 	 Test r2: 0.9240 	 Test Loss: 100.9930 	 Test MAE: 7.4068
Fold: 3 	 Test r2: 0.9240 	 Test Loss: 134.7470 	 Test MAE: 7.7622
Fold: 4 	 Test r2: 0.8907 	 Test Loss: 133.3064 	 Test MAE: 8.8264
Fold: 5 	 Test r2: 0.8167 	 Test Loss: 306.1368 	 Test MAE: 10.6993
Final avg. r2:  0.8603800576484169
Final avg. MSE: 183.12891158161287
Final avg. MAE: 9.1866982846033
R2: 0.8603800576484169 +- 0.0
MAE: 9.1866982846033 +- 0.0
