Fold: 1 	 Test r2: 0.6795 	 Test Loss: 442.3512 	 Test MAE: 11.0609
Fold: 2 	 Test r2: 0.9030 	 Test Loss: 179.1640 	 Test MAE: 10.9470
Fold: 3 	 Test r2: 0.8522 	 Test Loss: 197.7968 	 Test MAE: 10.4010
Fold: 4 	 Test r2: 0.8835 	 Test Loss: 130.4901 	 Test MAE: 8.3818
Fold: 5 	 Test r2: 0.8432 	 Test Loss: 152.9676 	 Test MAE: 9.1559
Final avg. r2:  0.8322601901586404
Final avg. MSE: 220.55395410266686
Final avg. MAE: 9.989346482569264
R2: 0.8322601901586404 +- 0.0
MAE: 9.989346482569264 +- 0.0
