Fold: 1 	 Test r2: 0.7718 	 Test Loss: 253.2375 	 Test MAE: 10.7503
Fold: 2 	 Test r2: 0.8545 	 Test Loss: 223.6519 	 Test MAE: 10.2078
Fold: 3 	 Test r2: 0.7952 	 Test Loss: 395.8737 	 Test MAE: 14.1346
Fold: 4 	 Test r2: 0.9026 	 Test Loss: 117.2801 	 Test MAE: 8.6705
Fold: 5 	 Test r2: 0.8181 	 Test Loss: 200.8257 	 Test MAE: 11.5212
Final avg. r2:  0.8284429280062662
Final avg. MSE: 238.17377937396685
Final avg. MAE: 11.056856016885666
R2: 0.8284429280062662 +- 0.0
MAE: 11.056856016885666 +- 0.0
