Fold: 1 	 Test r2: 0.8673 	 Test Loss: 248.8338 	 Test MAE: 13.1878
Fold: 2 	 Test r2: 0.7277 	 Test Loss: 580.0239 	 Test MAE: 14.0676
Fold: 3 	 Test r2: 0.7922 	 Test Loss: 183.3931 	 Test MAE: 9.0359
Fold: 4 	 Test r2: 0.8856 	 Test Loss: 149.2056 	 Test MAE: 7.6999
Fold: 5 	 Test r2: 0.7839 	 Test Loss: 171.4482 	 Test MAE: 9.0353
Final avg. r2:  0.8113457748325184
Final avg. MSE: 266.58090395154693
Final avg. MAE: 10.605309859060105
R2: 0.8113457748325184 +- 0.0
MAE: 10.605309859060105 +- 0.0
