Fold: 1 	 Test r2: 0.8687 	 Test Loss: 204.4444 	 Test MAE: 10.7080
Fold: 2 	 Test r2: 0.9248 	 Test Loss: 96.0574 	 Test MAE: 7.6061
Fold: 3 	 Test r2: 0.8673 	 Test Loss: 216.6410 	 Test MAE: 9.5803
Fold: 4 	 Test r2: 0.8108 	 Test Loss: 264.1818 	 Test MAE: 11.7341
Fold: 5 	 Test r2: 0.7811 	 Test Loss: 224.7821 	 Test MAE: 11.5583
Final avg. r2:  0.8505400548399649
Final avg. MSE: 201.22134928223363
Final avg. MAE: 10.237349369980041
R2: 0.8505400548399649 +- 0.0
MAE: 10.237349369980041 +- 0.0
