Fold: 1 	 Test r2: 0.8125 	 Test Loss: 254.5322 	 Test MAE: 9.8724
Fold: 2 	 Test r2: 0.9077 	 Test Loss: 133.7863 	 Test MAE: 8.0319
Fold: 3 	 Test r2: 0.8413 	 Test Loss: 280.2130 	 Test MAE: 11.2956
Fold: 4 	 Test r2: 0.7720 	 Test Loss: 235.6939 	 Test MAE: 10.6201
Fold: 5 	 Test r2: 0.6051 	 Test Loss: 523.7815 	 Test MAE: 15.3451
Final avg. r2:  0.7877258409303176
Final avg. MSE: 285.60138759316095
Final avg. MAE: 11.033047591504596
R2: 0.7877258409303176 +- 0.0
MAE: 11.033047591504596 +- 0.0
