Fold: 1 	 Test r2: 0.9180 	 Test Loss: 110.0995 	 Test MAE: 7.6638
Fold: 2 	 Test r2: 0.7340 	 Test Loss: 443.4515 	 Test MAE: 13.7534
Fold: 3 	 Test r2: 0.8706 	 Test Loss: 205.5646 	 Test MAE: 10.8164
Fold: 4 	 Test r2: 0.9086 	 Test Loss: 133.1710 	 Test MAE: 9.0750
Fold: 5 	 Test r2: 0.3433 	 Test Loss: 630.2406 	 Test MAE: 14.5972
Final avg. r2:  0.7548985321610211
Final avg. MSE: 304.50544010142005
Final avg. MAE: 11.18118059550013
R2: 0.7548985321610211 +- 0.0
MAE: 11.18118059550013 +- 0.0
