Fold: 1 	 Test r2: 0.8839 	 Test Loss: 128.4509 	 Test MAE: 7.6028
Fold: 2 	 Test r2: 0.8227 	 Test Loss: 225.4292 	 Test MAE: 10.5667
Fold: 3 	 Test r2: 0.9416 	 Test Loss: 73.2462 	 Test MAE: 6.1379
Fold: 4 	 Test r2: 0.9441 	 Test Loss: 105.0040 	 Test MAE: 7.8559
Fold: 5 	 Test r2: 0.8101 	 Test Loss: 275.1327 	 Test MAE: 11.6378
Final avg. r2:  0.8804876482622633
Final avg. MSE: 161.45259260408528
Final avg. MAE: 8.760234969215734
R2: 0.8804876482622633 +- 0.0
MAE: 8.760234969215734 +- 0.0
