Fold: 1 	 Test r2: 0.8995 	 Test Loss: 120.2928 	 Test MAE: 8.1032
Fold: 2 	 Test r2: 0.9050 	 Test Loss: 101.6373 	 Test MAE: 6.7382
Fold: 3 	 Test r2: 0.8309 	 Test Loss: 278.4162 	 Test MAE: 12.5706
Fold: 4 	 Test r2: 0.9048 	 Test Loss: 134.3193 	 Test MAE: 8.1430
Fold: 5 	 Test r2: 0.8816 	 Test Loss: 194.6830 	 Test MAE: 10.1016
Final avg. r2:  0.8843740100730925
Final avg. MSE: 165.86972129494453
Final avg. MAE: 9.131306796414512
R2: 0.8843740100730925 +- 0.0
MAE: 9.131306796414512 +- 0.0
