Fold: 1 	 Test r2: 0.8298 	 Test Loss: 247.3556 	 Test MAE: 10.7584
Fold: 2 	 Test r2: 0.8459 	 Test Loss: 170.3500 	 Test MAE: 9.5468
Fold: 3 	 Test r2: 0.6686 	 Test Loss: 522.5870 	 Test MAE: 14.0546
Fold: 4 	 Test r2: 0.8922 	 Test Loss: 112.7267 	 Test MAE: 8.0898
Fold: 5 	 Test r2: 0.8862 	 Test Loss: 217.4763 	 Test MAE: 10.0960
Final avg. r2:  0.8245372073523395
Final avg. MSE: 254.0991069390187
Final avg. MAE: 10.50909592668925
R2: 0.8245372073523395 +- 0.0
MAE: 10.50909592668925 +- 0.0
