Fold: 1 	 Test r2: 0.7850 	 Test Loss: 178.7939 	 Test MAE: 9.8545
Fold: 2 	 Test r2: 0.8990 	 Test Loss: 167.6123 	 Test MAE: 8.9793
Fold: 3 	 Test r2: 0.8990 	 Test Loss: 105.6995 	 Test MAE: 8.3481
Fold: 4 	 Test r2: 0.7994 	 Test Loss: 477.5952 	 Test MAE: 14.7499
Fold: 5 	 Test r2: 0.8799 	 Test Loss: 126.5123 	 Test MAE: 7.8099
Final avg. r2:  0.8524548265375997
Final avg. MSE: 211.2426415719637
Final avg. MAE: 9.948354494571685
R2: 0.8524548265375997 +- 0.0
MAE: 9.948354494571685 +- 0.0
