Fold: 1 	 Test r2: 0.7485 	 Test Loss: 289.7946 	 Test MAE: 12.0789
Fold: 2 	 Test r2: 0.8843 	 Test Loss: 180.2604 	 Test MAE: 10.5894
Fold: 3 	 Test r2: 0.8246 	 Test Loss: 259.5530 	 Test MAE: 13.1596
Fold: 4 	 Test r2: 0.9450 	 Test Loss: 54.8563 	 Test MAE: 6.1407
Fold: 5 	 Test r2: 0.8978 	 Test Loss: 176.9303 	 Test MAE: 10.4821
Final avg. r2:  0.8600157291027166
Final avg. MSE: 192.27890571567627
Final avg. MAE: 10.490119416373116
R2: 0.8600157291027166 +- 0.0
MAE: 10.490119416373116 +- 0.0
