Fold: 1 	 Test r2: 0.8902 	 Test Loss: 132.8608 	 Test MAE: 8.7927
Fold: 2 	 Test r2: 0.9254 	 Test Loss: 109.3075 	 Test MAE: 7.2824
Fold: 3 	 Test r2: 0.8864 	 Test Loss: 208.9871 	 Test MAE: 9.0616
Fold: 4 	 Test r2: 0.8741 	 Test Loss: 205.5883 	 Test MAE: 10.8389
Fold: 5 	 Test r2: 0.7983 	 Test Loss: 190.4005 	 Test MAE: 10.1432
Final avg. r2:  0.8748811524923739
Final avg. MSE: 169.42883887970913
Final avg. MAE: 9.223756118047806
R2: 0.8748811524923739 +- 0.0
MAE: 9.223756118047806 +- 0.0
