Fold: 1 	 Test r2: 0.6976 	 Test Loss: 348.7841 	 Test MAE: 11.4404
Fold: 2 	 Test r2: 0.7758 	 Test Loss: 373.5882 	 Test MAE: 12.7115
Fold: 3 	 Test r2: 0.8592 	 Test Loss: 212.2241 	 Test MAE: 9.7547
Fold: 4 	 Test r2: 0.9036 	 Test Loss: 153.0596 	 Test MAE: 9.1570
Fold: 5 	 Test r2: 0.8169 	 Test Loss: 206.2591 	 Test MAE: 9.0593
Final avg. r2:  0.8106033514697192
Final avg. MSE: 258.78301639940975
Final avg. MAE: 10.424572055964244
R2: 0.8106033514697192 +- 0.0
MAE: 10.424572055964244 +- 0.0
