Fold: 1 	 Test r2: 0.8144 	 Test Loss: 221.1013 	 Test MAE: 9.8738
Fold: 2 	 Test r2: 0.8581 	 Test Loss: 377.2094 	 Test MAE: 13.7710
Fold: 3 	 Test r2: 0.7440 	 Test Loss: 296.7779 	 Test MAE: 12.2729
Fold: 4 	 Test r2: 0.9063 	 Test Loss: 110.1273 	 Test MAE: 7.4873
Fold: 5 	 Test r2: 0.7318 	 Test Loss: 210.6239 	 Test MAE: 10.5196
Final avg. r2:  0.8109349518280695
Final avg. MSE: 243.16795582013782
Final avg. MAE: 10.784926254408699
R2: 0.8109349518280695 +- 0.0
MAE: 10.784926254408699 +- 0.0
