Fold: 1 	 Test r2: 0.9040 	 Test Loss: 105.2340 	 Test MAE: 7.8628
Fold: 2 	 Test r2: 0.8519 	 Test Loss: 141.9268 	 Test MAE: 8.9707
Fold: 3 	 Test r2: 0.8604 	 Test Loss: 294.4155 	 Test MAE: 10.5492
Fold: 4 	 Test r2: 0.8953 	 Test Loss: 147.3125 	 Test MAE: 9.6469
Fold: 5 	 Test r2: 0.9180 	 Test Loss: 102.9552 	 Test MAE: 6.5929
Final avg. r2:  0.8859163304671993
Final avg. MSE: 158.3688064006805
Final avg. MAE: 8.72451351341747
R2: 0.8859163304671993 +- 0.0
MAE: 8.72451351341747 +- 0.0
