Fold: 1 	 Test r2: 0.8516 	 Test Loss: 195.2146 	 Test MAE: 9.6157
Fold: 2 	 Test r2: 0.8375 	 Test Loss: 329.9631 	 Test MAE: 12.1171
Fold: 3 	 Test r2: 0.8197 	 Test Loss: 219.6041 	 Test MAE: 11.2048
Fold: 4 	 Test r2: 0.9368 	 Test Loss: 68.2579 	 Test MAE: 6.4789
Fold: 5 	 Test r2: 0.9288 	 Test Loss: 100.9812 	 Test MAE: 7.8979
Final avg. r2:  0.8748827680023112
Final avg. MSE: 182.80419237845527
Final avg. MAE: 9.462881686006273
R2: 0.8748827680023112 +- 0.0
MAE: 9.462881686006273 +- 0.0
