Fold: 1 	 Test r2: 0.7853 	 Test Loss: 205.6293 	 Test MAE: 9.8513
Fold: 2 	 Test r2: 0.8919 	 Test Loss: 170.9565 	 Test MAE: 10.1672
Fold: 3 	 Test r2: 0.9060 	 Test Loss: 114.3575 	 Test MAE: 8.1146
Fold: 4 	 Test r2: 0.8115 	 Test Loss: 176.9582 	 Test MAE: 9.9802
Fold: 5 	 Test r2: 0.7073 	 Test Loss: 695.5964 	 Test MAE: 15.0686
Final avg. r2:  0.8204152754885324
Final avg. MSE: 272.6995728664084
Final avg. MAE: 10.636373129345122
R2: 0.8204152754885324 +- 0.0
MAE: 10.636373129345122 +- 0.0
