Fold: 1 	 Test r2: 0.8000 	 Test Loss: 274.6495 	 Test MAE: 11.4547
Fold: 2 	 Test r2: 0.8846 	 Test Loss: 175.2197 	 Test MAE: 10.0072
Fold: 3 	 Test r2: 0.9112 	 Test Loss: 106.4642 	 Test MAE: 7.7858
Fold: 4 	 Test r2: 0.9046 	 Test Loss: 124.0186 	 Test MAE: 7.2670
Fold: 5 	 Test r2: 0.8019 	 Test Loss: 290.6382 	 Test MAE: 13.1596
Final avg. r2:  0.8604537298662537
Final avg. MSE: 194.1980204478081
Final avg. MAE: 9.934868543914387
R2: 0.8604537298662537 +- 0.0
MAE: 9.934868543914387 +- 0.0
