Fold: 1 	 Test r2: 0.7590 	 Test Loss: 504.0765 	 Test MAE: 14.6783
Fold: 2 	 Test r2: 0.7857 	 Test Loss: 219.6097 	 Test MAE: 10.4284
Fold: 3 	 Test r2: 0.7947 	 Test Loss: 249.7961 	 Test MAE: 12.6686
Fold: 4 	 Test r2: 0.7263 	 Test Loss: 280.3291 	 Test MAE: 12.0583
Fold: 5 	 Test r2: 0.8774 	 Test Loss: 173.0155 	 Test MAE: 9.4946
Final avg. r2:  0.7886364220965267
Final avg. MSE: 285.3653679342984
Final avg. MAE: 11.865647741726466
R2: 0.7886364220965267 +- 0.0
MAE: 11.865647741726466 +- 0.0
