Fold: 1 	 Test r2: 0.8586 	 Test Loss: 185.7949 	 Test MAE: 9.3362
Fold: 2 	 Test r2: 0.8519 	 Test Loss: 267.4029 	 Test MAE: 10.9397
Fold: 3 	 Test r2: 0.9064 	 Test Loss: 135.0276 	 Test MAE: 9.1941
Fold: 4 	 Test r2: 0.6003 	 Test Loss: 423.1400 	 Test MAE: 13.8365
Fold: 5 	 Test r2: 0.8479 	 Test Loss: 192.5758 	 Test MAE: 10.7160
Final avg. r2:  0.8130277893152705
Final avg. MSE: 240.78824660708815
Final avg. MAE: 10.80447126059305
R2: 0.8130277893152705 +- 0.0
MAE: 10.80447126059305 +- 0.0
