Fold: 1 	 Test r2: 0.8655 	 Test Loss: 240.5258 	 Test MAE: 11.0555
Fold: 2 	 Test r2: 0.8287 	 Test Loss: 131.8596 	 Test MAE: 8.9371
Fold: 3 	 Test r2: 0.9040 	 Test Loss: 157.1284 	 Test MAE: 7.0501
Fold: 4 	 Test r2: 0.8878 	 Test Loss: 180.9720 	 Test MAE: 9.9583
Fold: 5 	 Test r2: 0.6876 	 Test Loss: 333.5752 	 Test MAE: 12.1886
Final avg. r2:  0.8347446790175403
Final avg. MSE: 208.81220733715926
Final avg. MAE: 9.837926650047303
R2: 0.8347446790175403 +- 0.0
MAE: 9.837926650047303 +- 0.0
