Fold: 1 	 Test r2: 0.5323 	 Test Loss: 485.1338 	 Test MAE: 12.5009
Fold: 2 	 Test r2: 0.9014 	 Test Loss: 127.3661 	 Test MAE: 9.1120
Fold: 3 	 Test r2: 0.6190 	 Test Loss: 669.5977 	 Test MAE: 14.8680
Fold: 4 	 Test r2: 0.8475 	 Test Loss: 220.7431 	 Test MAE: 10.0600
Fold: 5 	 Test r2: 0.8336 	 Test Loss: 219.9801 	 Test MAE: 12.0074
Final avg. r2:  0.7467580448159608
Final avg. MSE: 344.56413702415267
Final avg. MAE: 11.709647610073997
R2: 0.7467580448159608 +- 0.0
MAE: 11.709647610073997 +- 0.0
