Fold: 1 	 Test r2: 0.7954 	 Test Loss: 399.8060 	 Test MAE: 12.1866
Fold: 2 	 Test r2: 0.8758 	 Test Loss: 128.2682 	 Test MAE: 8.6026
Fold: 3 	 Test r2: 0.7915 	 Test Loss: 351.6671 	 Test MAE: 13.6260
Fold: 4 	 Test r2: 0.9057 	 Test Loss: 111.6189 	 Test MAE: 6.7355
Fold: 5 	 Test r2: 0.7988 	 Test Loss: 235.4112 	 Test MAE: 11.9585
Final avg. r2:  0.8334375171137978
Final avg. MSE: 245.35424651687958
Final avg. MAE: 10.62182921795618
R2: 0.8334375171137978 +- 0.0
MAE: 10.62182921795618 +- 0.0
