Fold: 1 	 Test r2: 0.8991 	 Test Loss: 118.6435 	 Test MAE: 7.9000
Fold: 2 	 Test r2: 0.7191 	 Test Loss: 340.5321 	 Test MAE: 12.1568
Fold: 3 	 Test r2: 0.4162 	 Test Loss: 759.3520 	 Test MAE: 17.5469
Fold: 4 	 Test r2: 0.8718 	 Test Loss: 193.5464 	 Test MAE: 9.8156
Fold: 5 	 Test r2: 0.9088 	 Test Loss: 160.6486 	 Test MAE: 9.3907
Final avg. r2:  0.7630201353905448
Final avg. MSE: 314.54449923669483
Final avg. MAE: 11.361991517316728
R2: 0.7630201353905448 +- 0.0
MAE: 11.361991517316728 +- 0.0
