Fold: 1 	 Test r2: 0.8202 	 Test Loss: 244.8898 	 Test MAE: 9.8476
Fold: 2 	 Test r2: 0.9370 	 Test Loss: 80.8154 	 Test MAE: 7.5299
Fold: 3 	 Test r2: 0.9027 	 Test Loss: 190.9919 	 Test MAE: 9.0420
Fold: 4 	 Test r2: 0.8440 	 Test Loss: 190.5081 	 Test MAE: 9.5018
Fold: 5 	 Test r2: 0.8509 	 Test Loss: 190.0777 	 Test MAE: 10.2442
Final avg. r2:  0.8709549171276404
Final avg. MSE: 179.45658242453175
Final avg. MAE: 9.233094065459003
R2: 0.8709549171276404 +- 0.0
MAE: 9.233094065459003 +- 0.0
