Fold: 1 	 Test r2: 0.8421 	 Test Loss: 153.1932 	 Test MAE: 8.6443
Fold: 2 	 Test r2: 0.9226 	 Test Loss: 134.6586 	 Test MAE: 8.4787
Fold: 3 	 Test r2: 0.8685 	 Test Loss: 228.2523 	 Test MAE: 10.3144
Fold: 4 	 Test r2: 0.7475 	 Test Loss: 251.0050 	 Test MAE: 10.7331
Fold: 5 	 Test r2: 0.9456 	 Test Loss: 91.2644 	 Test MAE: 7.4725
Final avg. r2:  0.8652621480201313
Final avg. MSE: 171.67469890450667
Final avg. MAE: 9.128623195489249
R2: 0.8652621480201313 +- 0.0
MAE: 9.128623195489249 +- 0.0
