Fold: 1 	 Test r2: 0.7342 	 Test Loss: 345.2324 	 Test MAE: 10.7083
Fold: 2 	 Test r2: 0.7492 	 Test Loss: 286.6169 	 Test MAE: 12.3984
Fold: 3 	 Test r2: 0.8735 	 Test Loss: 193.7841 	 Test MAE: 9.4973
Fold: 4 	 Test r2: 0.7935 	 Test Loss: 254.9430 	 Test MAE: 9.9950
Fold: 5 	 Test r2: 0.8917 	 Test Loss: 180.3008 	 Test MAE: 9.1043
Final avg. r2:  0.8084168349451787
Final avg. MSE: 252.1754359173197
Final avg. MAE: 10.340659966071447
R2: 0.8084168349451787 +- 0.0
MAE: 10.340659966071447 +- 0.0
