Fold: 1 	 Test r2: 0.7586 	 Test Loss: 446.3808 	 Test MAE: 11.7726
Fold: 2 	 Test r2: 0.8693 	 Test Loss: 144.4527 	 Test MAE: 9.1890
Fold: 3 	 Test r2: 0.9115 	 Test Loss: 93.1778 	 Test MAE: 6.7764
Fold: 4 	 Test r2: 0.8724 	 Test Loss: 181.0346 	 Test MAE: 9.5893
Fold: 5 	 Test r2: 0.8318 	 Test Loss: 247.7991 	 Test MAE: 11.5477
Final avg. r2:  0.8487188955114264
Final avg. MSE: 222.56899900949307
Final avg. MAE: 9.774981699742023
R2: 0.8487188955114264 +- 0.0
MAE: 9.774981699742023 +- 0.0
