Fold: 1 	 Test r2: 0.8914 	 Test Loss: 194.5862 	 Test MAE: 10.6447
Fold: 2 	 Test r2: 0.7912 	 Test Loss: 209.2018 	 Test MAE: 9.9146
Fold: 3 	 Test r2: 0.9096 	 Test Loss: 138.5554 	 Test MAE: 8.5883
Fold: 4 	 Test r2: 0.9324 	 Test Loss: 96.0849 	 Test MAE: 6.6005
Fold: 5 	 Test r2: 0.8564 	 Test Loss: 174.3266 	 Test MAE: 8.9920
Final avg. r2:  0.8762057956576804
Final avg. MSE: 162.55098542722627
Final avg. MAE: 8.948003973847344
R2: 0.8762057956576804 +- 0.0
MAE: 8.948003973847344 +- 0.0
