Fold: 1 	 Test r2: 0.7303 	 Test Loss: 278.7164 	 Test MAE: 11.2317
Fold: 2 	 Test r2: 0.8760 	 Test Loss: 207.2890 	 Test MAE: 9.9418
Fold: 3 	 Test r2: 0.8875 	 Test Loss: 156.6310 	 Test MAE: 8.1416
Fold: 4 	 Test r2: 0.8184 	 Test Loss: 185.5259 	 Test MAE: 9.1772
Fold: 5 	 Test r2: 0.8769 	 Test Loss: 236.9249 	 Test MAE: 10.9003
Final avg. r2:  0.8378124757670712
Final avg. MSE: 213.0174607440078
Final avg. MAE: 9.878543219679878
R2: 0.8378124757670712 +- 0.0
MAE: 9.878543219679878 +- 0.0
