Fold: 1 	 Test r2: 0.8314 	 Test Loss: 288.3341 	 Test MAE: 11.9491
Fold: 2 	 Test r2: 0.9063 	 Test Loss: 116.7088 	 Test MAE: 8.7943
Fold: 3 	 Test r2: 0.8109 	 Test Loss: 159.1773 	 Test MAE: 8.9866
Fold: 4 	 Test r2: 0.4934 	 Test Loss: 766.6027 	 Test MAE: 14.1840
Fold: 5 	 Test r2: 0.8508 	 Test Loss: 258.4731 	 Test MAE: 10.3445
Final avg. r2:  0.7785580015410567
Final avg. MSE: 317.8591737616481
Final avg. MAE: 10.851699161245708
R2: 0.7785580015410567 +- 0.0
MAE: 10.851699161245708 +- 0.0
