Fold: 1 	 Test r2: 0.9182 	 Test Loss: 103.0658 	 Test MAE: 7.3173
Fold: 2 	 Test r2: 0.9143 	 Test Loss: 116.1355 	 Test MAE: 7.8247
Fold: 3 	 Test r2: 0.7936 	 Test Loss: 359.3686 	 Test MAE: 13.3848
Fold: 4 	 Test r2: 0.9096 	 Test Loss: 96.5066 	 Test MAE: 6.0866
Fold: 5 	 Test r2: 0.5035 	 Test Loss: 675.0592 	 Test MAE: 15.3827
Final avg. r2:  0.8078502082584839
Final avg. MSE: 270.0271327451571
Final avg. MAE: 9.999209914108118
R2: 0.8078502082584839 +- 0.0
MAE: 9.999209914108118 +- 0.0
