Fold: 1 	 Test r2: 0.8953 	 Test Loss: 159.4400 	 Test MAE: 9.2294
Fold: 2 	 Test r2: 0.8268 	 Test Loss: 275.5914 	 Test MAE: 8.8185
Fold: 3 	 Test r2: 0.8757 	 Test Loss: 151.8044 	 Test MAE: 9.8712
Fold: 4 	 Test r2: 0.8469 	 Test Loss: 226.1066 	 Test MAE: 11.1401
Fold: 5 	 Test r2: 0.7863 	 Test Loss: 272.7320 	 Test MAE: 9.7750
Final avg. r2:  0.846188373005214
Final avg. MSE: 217.1348817884519
Final avg. MAE: 9.766826318417277
R2: 0.846188373005214 +- 0.0
MAE: 9.766826318417277 +- 0.0
