Fold: 1 	 Test r2: 0.7145 	 Test Loss: 418.0034 	 Test MAE: 12.7238
Fold: 2 	 Test r2: 0.7435 	 Test Loss: 226.6402 	 Test MAE: 9.7819
Fold: 3 	 Test r2: 0.8983 	 Test Loss: 143.0177 	 Test MAE: 8.1285
Fold: 4 	 Test r2: 0.8992 	 Test Loss: 194.4972 	 Test MAE: 8.7791
Fold: 5 	 Test r2: 0.8765 	 Test Loss: 168.0003 	 Test MAE: 9.9330
Final avg. r2:  0.8263797621486118
Final avg. MSE: 230.03174231158968
Final avg. MAE: 9.86924755800338
R2: 0.8263797621486118 +- 0.0
MAE: 9.86924755800338 +- 0.0
