Fold: 1 	 Test r2: 0.9052 	 Test Loss: 109.7650 	 Test MAE: 7.8067
Fold: 2 	 Test r2: 0.8873 	 Test Loss: 166.4848 	 Test MAE: 10.0685
Fold: 3 	 Test r2: 0.8279 	 Test Loss: 389.3313 	 Test MAE: 12.7279
Fold: 4 	 Test r2: 0.8658 	 Test Loss: 142.2006 	 Test MAE: 9.0967
Fold: 5 	 Test r2: 0.8371 	 Test Loss: 177.4045 	 Test MAE: 9.3672
Final avg. r2:  0.8646668428556297
Final avg. MSE: 197.0372501399909
Final avg. MAE: 9.813399749710447
R2: 0.8646668428556297 +- 0.0
MAE: 9.813399749710447 +- 0.0
