Fold: 1 	 Test r2: 0.8865 	 Test Loss: 141.4037 	 Test MAE: 8.9733
Fold: 2 	 Test r2: 0.8663 	 Test Loss: 75.5541 	 Test MAE: 6.6643
Fold: 3 	 Test r2: 0.7494 	 Test Loss: 366.8391 	 Test MAE: 12.5530
Fold: 4 	 Test r2: 0.9136 	 Test Loss: 106.5811 	 Test MAE: 7.4289
Fold: 5 	 Test r2: 0.7039 	 Test Loss: 502.8958 	 Test MAE: 12.8201
Final avg. r2:  0.8239380812612824
Final avg. MSE: 238.65476379943766
Final avg. MAE: 9.687925277011734
R2: 0.8239380812612824 +- 0.0
MAE: 9.687925277011734 +- 0.0
