Fold: 1 	 Test r2: 0.8709 	 Test Loss: 143.5064 	 Test MAE: 9.3944
Fold: 2 	 Test r2: 0.8526 	 Test Loss: 262.5659 	 Test MAE: 10.9449
Fold: 3 	 Test r2: 0.8691 	 Test Loss: 203.7818 	 Test MAE: 10.0812
Fold: 4 	 Test r2: 0.8897 	 Test Loss: 160.9233 	 Test MAE: 8.7930
Fold: 5 	 Test r2: 0.8260 	 Test Loss: 198.8788 	 Test MAE: 9.8628
Final avg. r2:  0.8616833038339035
Final avg. MSE: 193.93121785172175
Final avg. MAE: 9.815273326919192
R2: 0.8616833038339035 +- 0.0
MAE: 9.815273326919192 +- 0.0
