Fold: 1 	 Test r2: 0.7929 	 Test Loss: 239.9161 	 Test MAE: 9.9430
Fold: 2 	 Test r2: 0.7701 	 Test Loss: 448.8205 	 Test MAE: 11.4808
Fold: 3 	 Test r2: 0.8521 	 Test Loss: 228.7051 	 Test MAE: 11.5658
Fold: 4 	 Test r2: 0.8170 	 Test Loss: 195.0535 	 Test MAE: 10.5071
Fold: 5 	 Test r2: 0.8847 	 Test Loss: 155.6647 	 Test MAE: 8.5715
Final avg. r2:  0.8233724849154461
Final avg. MSE: 253.63198917135037
Final avg. MAE: 10.41366524327369
R2: 0.8233724849154461 +- 0.0
MAE: 10.41366524327369 +- 0.0
