Fold: 1 	 Test r2: 0.8490 	 Test Loss: 213.6917 	 Test MAE: 9.8812
Fold: 2 	 Test r2: 0.8539 	 Test Loss: 187.7356 	 Test MAE: 9.5243
Fold: 3 	 Test r2: 0.8831 	 Test Loss: 246.7113 	 Test MAE: 11.4079
Fold: 4 	 Test r2: 0.8909 	 Test Loss: 147.0194 	 Test MAE: 8.9435
Fold: 5 	 Test r2: 0.9178 	 Test Loss: 72.1450 	 Test MAE: 6.5685
Final avg. r2:  0.8789500735165576
Final avg. MSE: 173.46059059883459
Final avg. MAE: 9.265095345321155
R2: 0.8789500735165576 +- 0.0
MAE: 9.265095345321155 +- 0.0
