Fold: 1 	 Test r2: 0.8708 	 Test Loss: 182.7558 	 Test MAE: 9.9868
Fold: 2 	 Test r2: 0.8592 	 Test Loss: 266.7420 	 Test MAE: 10.5893
Fold: 3 	 Test r2: 0.5483 	 Test Loss: 503.0571 	 Test MAE: 15.9194
Fold: 4 	 Test r2: 0.9492 	 Test Loss: 74.0430 	 Test MAE: 6.4417
Fold: 5 	 Test r2: 0.6170 	 Test Loss: 456.2221 	 Test MAE: 18.6017
Final avg. r2:  0.7689070840546715
Final avg. MSE: 296.56401506319105
Final avg. MAE: 12.307798465944472
R2: 0.7689070840546715 +- 0.0
MAE: 12.307798465944472 +- 0.0
