Fold: 1 	 Test r2: 0.8874 	 Test Loss: 222.0461 	 Test MAE: 8.6335
Fold: 2 	 Test r2: 0.8507 	 Test Loss: 225.1506 	 Test MAE: 10.8252
Fold: 3 	 Test r2: 0.7982 	 Test Loss: 229.4448 	 Test MAE: 10.7917
Fold: 4 	 Test r2: 0.9378 	 Test Loss: 95.0974 	 Test MAE: 6.9142
Fold: 5 	 Test r2: 0.8252 	 Test Loss: 142.2224 	 Test MAE: 9.2261
Final avg. r2:  0.8598746537046076
Final avg. MSE: 182.79225711692888
Final avg. MAE: 9.278144264221192
R2: 0.8598746537046076 +- 0.0
MAE: 9.278144264221192 +- 0.0
