Fold: 1 	 Test r2: 0.7660 	 Test Loss: 429.4351 	 Test MAE: 14.0200
Fold: 2 	 Test r2: 0.8781 	 Test Loss: 154.7985 	 Test MAE: 8.0313
Fold: 3 	 Test r2: 0.8684 	 Test Loss: 199.3014 	 Test MAE: 10.1803
Fold: 4 	 Test r2: 0.7798 	 Test Loss: 196.2772 	 Test MAE: 9.0895
Fold: 5 	 Test r2: 0.9094 	 Test Loss: 118.0160 	 Test MAE: 8.0666
Final avg. r2:  0.8403470346638313
Final avg. MSE: 219.565641437052
Final avg. MAE: 9.877539898100355
R2: 0.8403470346638313 +- 0.0
MAE: 9.877539898100355 +- 0.0
