Fold: 1 	 Test r2: 0.6965 	 Test Loss: 465.4867 	 Test MAE: 14.8519
Fold: 2 	 Test r2: 0.7252 	 Test Loss: 252.3503 	 Test MAE: 13.0637
Fold: 3 	 Test r2: 0.9329 	 Test Loss: 110.2490 	 Test MAE: 7.7142
Fold: 4 	 Test r2: 0.8185 	 Test Loss: 197.6891 	 Test MAE: 9.4708
Fold: 5 	 Test r2: 0.8341 	 Test Loss: 280.7557 	 Test MAE: 11.7144
Final avg. r2:  0.8014612486117214
Final avg. MSE: 261.3061540064836
Final avg. MAE: 11.362982813517252
R2: 0.8014612486117214 +- 0.0
MAE: 11.362982813517252 +- 0.0
