Fold: 1 	 Test r2: 0.8909 	 Test Loss: 183.4405 	 Test MAE: 9.5854
Fold: 2 	 Test r2: 0.7516 	 Test Loss: 244.3262 	 Test MAE: 11.4380
Fold: 3 	 Test r2: 0.8867 	 Test Loss: 189.3968 	 Test MAE: 10.2199
Fold: 4 	 Test r2: 0.8700 	 Test Loss: 206.9610 	 Test MAE: 9.1256
Fold: 5 	 Test r2: 0.9319 	 Test Loss: 79.7701 	 Test MAE: 6.7237
Final avg. r2:  0.8662026329076117
Final avg. MSE: 180.7789106220766
Final avg. MAE: 9.418530750984237
R2: 0.8662026329076117 +- 0.0
MAE: 9.418530750984237 +- 0.0
