Fold: 1 	 Test r2: 0.8860 	 Test Loss: 141.3980 	 Test MAE: 9.0585
Fold: 2 	 Test r2: 0.7434 	 Test Loss: 434.5632 	 Test MAE: 12.7824
Fold: 3 	 Test r2: 0.9178 	 Test Loss: 104.8767 	 Test MAE: 7.9944
Fold: 4 	 Test r2: 0.8942 	 Test Loss: 169.4172 	 Test MAE: 8.7067
Fold: 5 	 Test r2: 0.8883 	 Test Loss: 134.6035 	 Test MAE: 8.6707
Final avg. r2:  0.8659403758185601
Final avg. MSE: 196.9717361782781
Final avg. MAE: 9.442520373279141
R2: 0.8659403758185601 +- 0.0
MAE: 9.442520373279141 +- 0.0
