Fold: 1 	 Test r2: 0.8670 	 Test Loss: 178.1143 	 Test MAE: 10.5680
Fold: 2 	 Test r2: 0.8483 	 Test Loss: 287.6872 	 Test MAE: 10.8073
Fold: 3 	 Test r2: 0.9225 	 Test Loss: 118.9262 	 Test MAE: 7.8348
Fold: 4 	 Test r2: 0.8425 	 Test Loss: 227.0387 	 Test MAE: 11.2643
Fold: 5 	 Test r2: 0.9254 	 Test Loss: 66.9062 	 Test MAE: 6.2302
Final avg. r2:  0.8811447156869221
Final avg. MSE: 175.73452507523163
Final avg. MAE: 9.340908667587097
R2: 0.8811447156869221 +- 0.0
MAE: 9.340908667587097 +- 0.0
