Fold: 1 	 Test r2: 0.9332 	 Test Loss: 84.8025 	 Test MAE: 7.0412
Fold: 2 	 Test r2: 0.9330 	 Test Loss: 101.7330 	 Test MAE: 8.4865
Fold: 3 	 Test r2: 0.8006 	 Test Loss: 361.9553 	 Test MAE: 13.2658
Fold: 4 	 Test r2: 0.8906 	 Test Loss: 159.3348 	 Test MAE: 8.4649
Fold: 5 	 Test r2: 0.8291 	 Test Loss: 154.2348 	 Test MAE: 8.7626
Final avg. r2:  0.8773199530008526
Final avg. MSE: 172.41211086134396
Final avg. MAE: 9.204184709099078
R2: 0.8773199530008526 +- 0.0
MAE: 9.204184709099078 +- 0.0
