Fold: 1 	 Test r2: 0.8305 	 Test Loss: 217.9177 	 Test MAE: 10.5146
Fold: 2 	 Test r2: 0.8423 	 Test Loss: 222.8512 	 Test MAE: 9.4870
Fold: 3 	 Test r2: 0.9266 	 Test Loss: 111.3910 	 Test MAE: 7.9817
Fold: 4 	 Test r2: 0.8849 	 Test Loss: 194.3019 	 Test MAE: 10.6047
Fold: 5 	 Test r2: 0.9128 	 Test Loss: 96.3057 	 Test MAE: 6.8776
Final avg. r2:  0.8794077233424007
Final avg. MSE: 168.5535101251898
Final avg. MAE: 9.093109516302743
R2: 0.8794077233424007 +- 0.0
MAE: 9.093109516302743 +- 0.0
