Fold: 1 	 Test r2: 0.8357 	 Test Loss: 203.6588 	 Test MAE: 10.4289
Fold: 2 	 Test r2: 0.8890 	 Test Loss: 130.4837 	 Test MAE: 7.5329
Fold: 3 	 Test r2: 0.6026 	 Test Loss: 628.4190 	 Test MAE: 17.8646
Fold: 4 	 Test r2: 0.8560 	 Test Loss: 278.9223 	 Test MAE: 11.0127
Fold: 5 	 Test r2: 0.8963 	 Test Loss: 121.9500 	 Test MAE: 8.4950
Final avg. r2:  0.8159315336572952
Final avg. MSE: 272.68675799796364
Final avg. MAE: 11.066816841420673
R2: 0.8159315336572952 +- 0.0
MAE: 11.066816841420673 +- 0.0
