Fold: 1 	 Test r2: 0.8002 	 Test Loss: 249.6460 	 Test MAE: 11.8237
Fold: 2 	 Test r2: 0.9061 	 Test Loss: 132.8908 	 Test MAE: 9.0077
Fold: 3 	 Test r2: 0.8384 	 Test Loss: 230.3737 	 Test MAE: 11.6105
Fold: 4 	 Test r2: 0.8687 	 Test Loss: 153.3671 	 Test MAE: 9.5256
Fold: 5 	 Test r2: 0.8773 	 Test Loss: 215.5711 	 Test MAE: 10.0178
Final avg. r2:  0.8581364757030622
Final avg. MSE: 196.36975638860335
Final avg. MAE: 10.397092115311395
R2: 0.8581364757030622 +- 0.0
MAE: 10.397092115311395 +- 0.0
