Fold: 1 	 Test r2: 0.6934 	 Test Loss: 586.9188 	 Test MAE: 13.9059
Fold: 2 	 Test r2: 0.8857 	 Test Loss: 149.3099 	 Test MAE: 8.3959
Fold: 3 	 Test r2: 0.9340 	 Test Loss: 94.5935 	 Test MAE: 7.4391
Fold: 4 	 Test r2: 0.9494 	 Test Loss: 73.9066 	 Test MAE: 6.5569
Fold: 5 	 Test r2: 0.7922 	 Test Loss: 205.5537 	 Test MAE: 9.9849
Final avg. r2:  0.8509238458316899
Final avg. MSE: 222.05651695652668
Final avg. MAE: 9.256530517907368
R2: 0.8509238458316899 +- 0.0
MAE: 9.256530517907368 +- 0.0
