Fold: 1 	 Test r2: 0.8441 	 Test Loss: 203.6097 	 Test MAE: 10.0023
Fold: 2 	 Test r2: 0.8555 	 Test Loss: 183.4941 	 Test MAE: 8.6802
Fold: 3 	 Test r2: 0.8554 	 Test Loss: 197.0196 	 Test MAE: 10.3947
Fold: 4 	 Test r2: 0.8691 	 Test Loss: 258.3970 	 Test MAE: 11.6241
Fold: 5 	 Test r2: 0.8933 	 Test Loss: 116.3040 	 Test MAE: 8.3831
Final avg. r2:  0.8634794254768929
Final avg. MSE: 191.76487308158573
Final avg. MAE: 9.8168911136332
R2: 0.8634794254768929 +- 0.0
MAE: 9.8168911136332 +- 0.0
