Fold: 1 	 Test r2: 0.9069 	 Test Loss: 93.0687 	 Test MAE: 7.2330
Fold: 2 	 Test r2: 0.9444 	 Test Loss: 86.4268 	 Test MAE: 6.8187
Fold: 3 	 Test r2: 0.8203 	 Test Loss: 234.7838 	 Test MAE: 12.0619
Fold: 4 	 Test r2: 0.9018 	 Test Loss: 172.6705 	 Test MAE: 8.4871
Fold: 5 	 Test r2: 0.9075 	 Test Loss: 127.7181 	 Test MAE: 8.8343
Final avg. r2:  0.8961786541164869
Final avg. MSE: 142.93357545895856
Final avg. MAE: 8.687000411748887
R2: 0.8961786541164869 +- 0.0
MAE: 8.687000411748887 +- 0.0
