Fold: 1 	 Test r2: 0.9056 	 Test Loss: 120.1000 	 Test MAE: 7.8664
Fold: 2 	 Test r2: 0.8449 	 Test Loss: 234.3200 	 Test MAE: 9.7571
Fold: 3 	 Test r2: 0.8320 	 Test Loss: 150.1009 	 Test MAE: 9.5533
Fold: 4 	 Test r2: 0.8299 	 Test Loss: 313.5288 	 Test MAE: 11.8504
Fold: 5 	 Test r2: 0.8854 	 Test Loss: 179.3240 	 Test MAE: 10.7202
Final avg. r2:  0.859541721153281
Final avg. MSE: 199.47474576637075
Final avg. MAE: 9.949464538835345
R2: 0.859541721153281 +- 0.0
MAE: 9.949464538835345 +- 0.0
