Fold: 1 	 Test r2: 0.8729 	 Test Loss: 204.2453 	 Test MAE: 9.1141
Fold: 2 	 Test r2: 0.8252 	 Test Loss: 263.1979 	 Test MAE: 10.6445
Fold: 3 	 Test r2: 0.9242 	 Test Loss: 98.1544 	 Test MAE: 7.4043
Fold: 4 	 Test r2: 0.8971 	 Test Loss: 146.7569 	 Test MAE: 9.9018
Fold: 5 	 Test r2: 0.8616 	 Test Loss: 163.3152 	 Test MAE: 8.5586
Final avg. r2:  0.8761927368813047
Final avg. MSE: 175.13395067422002
Final avg. MAE: 9.124641997757411
R2: 0.8761927368813047 +- 0.0
MAE: 9.124641997757411 +- 0.0
