Fold: 1 	 Test r2: 0.7462 	 Test Loss: 252.5980 	 Test MAE: 10.6550
Fold: 2 	 Test r2: 0.8459 	 Test Loss: 197.8470 	 Test MAE: 11.8635
Fold: 3 	 Test r2: 0.8732 	 Test Loss: 177.6494 	 Test MAE: 10.3249
Fold: 4 	 Test r2: 0.9063 	 Test Loss: 91.8975 	 Test MAE: 6.8797
Fold: 5 	 Test r2: 0.8406 	 Test Loss: 278.5019 	 Test MAE: 12.0539
Final avg. r2:  0.8424223009852361
Final avg. MSE: 199.69873032515346
Final avg. MAE: 10.355407449567602
R2: 0.8424223009852361 +- 0.0
MAE: 10.355407449567602 +- 0.0
