Fold: 1 	 Test r2: 0.8773 	 Test Loss: 209.7988 	 Test MAE: 10.7684
Fold: 2 	 Test r2: 0.8557 	 Test Loss: 234.4733 	 Test MAE: 9.0151
Fold: 3 	 Test r2: 0.9077 	 Test Loss: 105.5390 	 Test MAE: 8.1025
Fold: 4 	 Test r2: 0.7631 	 Test Loss: 215.0102 	 Test MAE: 12.2561
Fold: 5 	 Test r2: 0.8134 	 Test Loss: 293.6846 	 Test MAE: 11.9435
Final avg. r2:  0.8434396238414106
Final avg. MSE: 211.7011799221903
Final avg. MAE: 10.41713162376767
R2: 0.8434396238414106 +- 0.0
MAE: 10.41713162376767 +- 0.0
