Fold: 1 	 Test r2: 0.8680 	 Test Loss: 275.1560 	 Test MAE: 11.3094
Fold: 2 	 Test r2: 0.9211 	 Test Loss: 134.8643 	 Test MAE: 8.1927
Fold: 3 	 Test r2: 0.8223 	 Test Loss: 214.7639 	 Test MAE: 10.2925
Fold: 4 	 Test r2: 0.8725 	 Test Loss: 121.8798 	 Test MAE: 8.5501
Fold: 5 	 Test r2: 0.9012 	 Test Loss: 110.2440 	 Test MAE: 8.6067
Final avg. r2:  0.8770172920240104
Final avg. MSE: 171.38161208943305
Final avg. MAE: 9.390270107700712
R2: 0.8770172920240104 +- 0.0
MAE: 9.390270107700712 +- 0.0
