Fold: 1 	 Test r2: 0.9300 	 Test Loss: 123.3733 	 Test MAE: 8.8210
Fold: 2 	 Test r2: 0.8924 	 Test Loss: 113.7715 	 Test MAE: 6.3754
Fold: 3 	 Test r2: 0.7059 	 Test Loss: 294.9815 	 Test MAE: 13.3009
Fold: 4 	 Test r2: 0.9426 	 Test Loss: 74.3254 	 Test MAE: 6.7646
Fold: 5 	 Test r2: 0.7934 	 Test Loss: 402.0607 	 Test MAE: 13.4588
Final avg. r2:  0.8528675035524635
Final avg. MSE: 201.70247396400532
Final avg. MAE: 9.74415889254638
R2: 0.8528675035524635 +- 0.0
MAE: 9.74415889254638 +- 0.0
