Fold: 1 	 Test r2: 0.8165 	 Test Loss: 172.3481 	 Test MAE: 10.1035
Fold: 2 	 Test r2: 0.8543 	 Test Loss: 152.8126 	 Test MAE: 8.7315
Fold: 3 	 Test r2: 0.8966 	 Test Loss: 194.4348 	 Test MAE: 10.2096
Fold: 4 	 Test r2: 0.7690 	 Test Loss: 378.5094 	 Test MAE: 12.4991
Fold: 5 	 Test r2: 0.9016 	 Test Loss: 154.4737 	 Test MAE: 9.4335
Final avg. r2:  0.8475986207169394
Final avg. MSE: 210.5157378573214
Final avg. MAE: 10.195449939228238
R2: 0.8475986207169394 +- 0.0
MAE: 10.195449939228238 +- 0.0
