Fold: 1 	 Test r2: 0.9089 	 Test Loss: 142.0372 	 Test MAE: 9.4307
Fold: 2 	 Test r2: 0.8621 	 Test Loss: 261.4652 	 Test MAE: 9.7315
Fold: 3 	 Test r2: 0.8734 	 Test Loss: 201.2241 	 Test MAE: 10.6537
Fold: 4 	 Test r2: 0.8207 	 Test Loss: 178.6381 	 Test MAE: 8.8360
Fold: 5 	 Test r2: 0.8349 	 Test Loss: 138.3933 	 Test MAE: 9.1923
Final avg. r2:  0.8600153966256301
Final avg. MSE: 184.351572181122
Final avg. MAE: 9.568826795830613
R2: 0.8600153966256301 +- 0.0
MAE: 9.568826795830613 +- 0.0
