Fold: 1 	 Test r2: 0.9383 	 Test Loss: 103.0396 	 Test MAE: 7.5070
Fold: 2 	 Test r2: 0.8599 	 Test Loss: 219.2595 	 Test MAE: 10.0312
Fold: 3 	 Test r2: 0.7725 	 Test Loss: 475.6868 	 Test MAE: 15.0339
Fold: 4 	 Test r2: 0.9132 	 Test Loss: 80.2648 	 Test MAE: 7.4374
Fold: 5 	 Test r2: 0.8330 	 Test Loss: 131.8665 	 Test MAE: 8.7840
Final avg. r2:  0.8633601707262883
Final avg. MSE: 202.0234510645169
Final avg. MAE: 9.758699477002734
R2: 0.8633601707262883 +- 0.0
MAE: 9.758699477002734 +- 0.0
