Fold: 1 	 Test r2: 0.8707 	 Test Loss: 216.1491 	 Test MAE: 10.8914
Fold: 2 	 Test r2: 0.9117 	 Test Loss: 159.5858 	 Test MAE: 8.7474
Fold: 3 	 Test r2: 0.8901 	 Test Loss: 171.5877 	 Test MAE: 9.3385
Fold: 4 	 Test r2: 0.7989 	 Test Loss: 238.5842 	 Test MAE: 10.4453
Fold: 5 	 Test r2: 0.8555 	 Test Loss: 122.9451 	 Test MAE: 7.0648
Final avg. r2:  0.8653799304502193
Final avg. MSE: 181.7703971919644
Final avg. MAE: 9.297481569505873
R2: 0.8653799304502193 +- 0.0
MAE: 9.297481569505873 +- 0.0
