Fold: 1 	 Test r2: 0.8502 	 Test Loss: 159.2824 	 Test MAE: 9.2139
Fold: 2 	 Test r2: 0.8617 	 Test Loss: 198.2698 	 Test MAE: 10.8616
Fold: 3 	 Test r2: 0.9106 	 Test Loss: 123.5007 	 Test MAE: 8.0689
Fold: 4 	 Test r2: 0.8680 	 Test Loss: 143.6233 	 Test MAE: 8.7646
Fold: 5 	 Test r2: 0.8509 	 Test Loss: 300.4095 	 Test MAE: 11.9796
Final avg. r2:  0.8682686213988303
Final avg. MSE: 185.01713812504744
Final avg. MAE: 9.777714277449109
R2: 0.8682686213988303 +- 0.0
MAE: 9.777714277449109 +- 0.0
