Fold: 1 	 Test r2: 0.8691 	 Test Loss: 158.5711 	 Test MAE: 8.4110
Fold: 2 	 Test r2: 0.8976 	 Test Loss: 124.2261 	 Test MAE: 8.0102
Fold: 3 	 Test r2: 0.8673 	 Test Loss: 226.4881 	 Test MAE: 10.0235
Fold: 4 	 Test r2: 0.8753 	 Test Loss: 161.0598 	 Test MAE: 7.6211
Fold: 5 	 Test r2: 0.8031 	 Test Loss: 309.6840 	 Test MAE: 11.3961
Final avg. r2:  0.8624794133233677
Final avg. MSE: 196.00583170466788
Final avg. MAE: 9.092366895221527
R2: 0.8624794133233677 +- 0.0
MAE: 9.092366895221527 +- 0.0
