Fold: 1 	 Test r2: 0.9189 	 Test Loss: 118.5011 	 Test MAE: 8.3664
Fold: 2 	 Test r2: 0.9123 	 Test Loss: 125.8214 	 Test MAE: 8.0479
Fold: 3 	 Test r2: 0.8079 	 Test Loss: 289.8292 	 Test MAE: 12.0070
Fold: 4 	 Test r2: 0.7964 	 Test Loss: 362.2012 	 Test MAE: 14.4101
Fold: 5 	 Test r2: 0.9348 	 Test Loss: 58.1935 	 Test MAE: 5.6686
Final avg. r2:  0.8740741316242424
Final avg. MSE: 190.90927453756737
Final avg. MAE: 9.700013915130068
R2: 0.8740741316242424 +- 0.0
MAE: 9.700013915130068 +- 0.0
