Fold: 1 	 Test r2: 0.8338 	 Test Loss: 153.3110 	 Test MAE: 9.8071
Fold: 2 	 Test r2: 0.8379 	 Test Loss: 199.1732 	 Test MAE: 11.6136
Fold: 3 	 Test r2: 0.9046 	 Test Loss: 135.0693 	 Test MAE: 9.4741
Fold: 4 	 Test r2: 0.8855 	 Test Loss: 167.2149 	 Test MAE: 10.1489
Fold: 5 	 Test r2: 0.8419 	 Test Loss: 311.5040 	 Test MAE: 11.2613
Final avg. r2:  0.8607472953053337
Final avg. MSE: 193.25449996405388
Final avg. MAE: 10.46099570611758
R2: 0.8607472953053337 +- 0.0
MAE: 10.46099570611758 +- 0.0
