Fold: 1 	 Test r2: 0.9369 	 Test Loss: 82.0069 	 Test MAE: 6.7323
Fold: 2 	 Test r2: 0.8838 	 Test Loss: 153.2912 	 Test MAE: 8.4850
Fold: 3 	 Test r2: 0.9162 	 Test Loss: 113.3070 	 Test MAE: 7.1350
Fold: 4 	 Test r2: 0.9150 	 Test Loss: 151.5931 	 Test MAE: 7.7141
Fold: 5 	 Test r2: 0.9104 	 Test Loss: 112.9371 	 Test MAE: 8.1864
Final avg. r2:  0.9124608817132556
Final avg. MSE: 122.62707439566987
Final avg. MAE: 7.650549645721912
R2: 0.9124608817132556 +- 0.0
MAE: 7.650549645721912 +- 0.0
