Fold: 1 	 Test r2: 0.9400 	 Test Loss: 122.9968 	 Test MAE: 7.2254
Fold: 2 	 Test r2: 0.9031 	 Test Loss: 124.1694 	 Test MAE: 8.0527
Fold: 3 	 Test r2: 0.8746 	 Test Loss: 113.1401 	 Test MAE: 7.2799
Fold: 4 	 Test r2: 0.8142 	 Test Loss: 196.2217 	 Test MAE: 9.8243
Fold: 5 	 Test r2: 0.8281 	 Test Loss: 293.8400 	 Test MAE: 11.5925
Final avg. r2:  0.8719991403427146
Final avg. MSE: 170.0736063670842
Final avg. MAE: 8.794951333318437
R2: 0.8719991403427146 +- 0.0
MAE: 8.794951333318437 +- 0.0
