Fold: 1 	 Test r2: 0.9208 	 Test Loss: 100.9353 	 Test MAE: 7.5166
Fold: 2 	 Test r2: 0.9245 	 Test Loss: 116.4204 	 Test MAE: 8.4545
Fold: 3 	 Test r2: 0.8133 	 Test Loss: 236.9128 	 Test MAE: 9.8580
Fold: 4 	 Test r2: 0.9274 	 Test Loss: 113.8154 	 Test MAE: 7.3974
Fold: 5 	 Test r2: 0.8425 	 Test Loss: 222.8081 	 Test MAE: 9.1975
Final avg. r2:  0.8856827507961779
Final avg. MSE: 158.17840259671115
Final avg. MAE: 8.484792297227042
R2: 0.8856827507961779 +- 0.0
MAE: 8.484792297227042 +- 0.0
