Fold: 1 	 Test r2: 0.8847 	 Test Loss: 253.3945 	 Test MAE: 10.0642
Fold: 2 	 Test r2: 0.8453 	 Test Loss: 178.9502 	 Test MAE: 8.8424
Fold: 3 	 Test r2: 0.8617 	 Test Loss: 123.0877 	 Test MAE: 8.6562
Fold: 4 	 Test r2: 0.8214 	 Test Loss: 247.3830 	 Test MAE: 10.3299
Fold: 5 	 Test r2: 0.8713 	 Test Loss: 191.1910 	 Test MAE: 9.9332
Final avg. r2:  0.8568810705226809
Final avg. MSE: 198.80127765727966
Final avg. MAE: 9.565184580144429
R2: 0.8568810705226809 +- 0.0
MAE: 9.565184580144429 +- 0.0
