Fold: 1 	 Test r2: 0.9053 	 Test Loss: 150.0269 	 Test MAE: 9.8603
Fold: 2 	 Test r2: 0.8759 	 Test Loss: 182.7862 	 Test MAE: 9.4668
Fold: 3 	 Test r2: 0.8940 	 Test Loss: 133.0386 	 Test MAE: 8.4919
Fold: 4 	 Test r2: 0.9342 	 Test Loss: 101.1479 	 Test MAE: 7.9474
Fold: 5 	 Test r2: 0.6755 	 Test Loss: 352.5195 	 Test MAE: 14.1700
Final avg. r2:  0.856986789813177
Final avg. MSE: 183.90382807944297
Final avg. MAE: 9.987269900384403
R2: 0.856986789813177 +- 0.0
MAE: 9.987269900384403 +- 0.0
