Fold: 1 	 Test r2: 0.8701 	 Test Loss: 303.1840 	 Test MAE: 11.8164
Fold: 2 	 Test r2: 0.8138 	 Test Loss: 117.8084 	 Test MAE: 6.1596
Fold: 3 	 Test r2: 0.8276 	 Test Loss: 244.0939 	 Test MAE: 9.7935
Fold: 4 	 Test r2: 0.8424 	 Test Loss: 224.9894 	 Test MAE: 11.6454
Fold: 5 	 Test r2: 0.9035 	 Test Loss: 112.1627 	 Test MAE: 7.7594
Final avg. r2:  0.8514705116345734
Final avg. MSE: 200.4476939170852
Final avg. MAE: 9.434871997515716
R2: 0.8514705116345734 +- 0.0
MAE: 9.434871997515716 +- 0.0
