Fold: 1 	 Test r2: 0.8853 	 Test Loss: 105.0402 	 Test MAE: 7.0875
Fold: 2 	 Test r2: 0.8848 	 Test Loss: 178.1260 	 Test MAE: 8.8589
Fold: 3 	 Test r2: 0.8542 	 Test Loss: 194.2556 	 Test MAE: 10.6416
Fold: 4 	 Test r2: 0.9028 	 Test Loss: 199.5378 	 Test MAE: 9.4025
Fold: 5 	 Test r2: 0.8842 	 Test Loss: 139.6792 	 Test MAE: 9.3433
Final avg. r2:  0.8822492191261005
Final avg. MSE: 163.3277437095173
Final avg. MAE: 9.066759519562833
R2: 0.8822492191261005 +- 0.0
MAE: 9.066759519562833 +- 0.0
