Fold: 1 	 Test r2: 0.7405 	 Test Loss: 318.3766 	 Test MAE: 11.9589
Fold: 2 	 Test r2: 0.9015 	 Test Loss: 132.6158 	 Test MAE: 9.1556
Fold: 3 	 Test r2: 0.8994 	 Test Loss: 136.3490 	 Test MAE: 9.2534
Fold: 4 	 Test r2: 0.5166 	 Test Loss: 585.2256 	 Test MAE: 19.5057
Fold: 5 	 Test r2: 0.8845 	 Test Loss: 206.1138 	 Test MAE: 8.6029
Final avg. r2:  0.7885035716833204
Final avg. MSE: 275.7361795603793
Final avg. MAE: 11.695301709856306
R2: 0.7885035716833204 +- 0.0
MAE: 11.695301709856306 +- 0.0
