Fold: 1 	 Test r2: 0.8158 	 Test Loss: 312.8910 	 Test MAE: 13.4729
Fold: 2 	 Test r2: 0.8647 	 Test Loss: 235.6981 	 Test MAE: 8.4895
Fold: 3 	 Test r2: 0.9267 	 Test Loss: 88.3387 	 Test MAE: 6.8592
Fold: 4 	 Test r2: 0.8517 	 Test Loss: 140.3479 	 Test MAE: 9.8396
Fold: 5 	 Test r2: 0.8848 	 Test Loss: 168.2234 	 Test MAE: 9.2907
Final avg. r2:  0.8687350558803889
Final avg. MSE: 189.0998232226628
Final avg. MAE: 9.590393990703992
R2: 0.8687350558803889 +- 0.0
MAE: 9.590393990703992 +- 0.0
