Fold: 1 	 Test r2: 0.8413 	 Test Loss: 163.6820 	 Test MAE: 10.9592
Fold: 2 	 Test r2: 0.9589 	 Test Loss: 44.3700 	 Test MAE: 5.1630
Fold: 3 	 Test r2: 0.8854 	 Test Loss: 144.3777 	 Test MAE: 9.7455
Fold: 4 	 Test r2: 0.7933 	 Test Loss: 316.3040 	 Test MAE: 12.8304
Fold: 5 	 Test r2: 0.7394 	 Test Loss: 553.3748 	 Test MAE: 15.6296
Final avg. r2:  0.8436794665095848
Final avg. MSE: 244.42167895509982
Final avg. MAE: 10.865558582260496
R2: 0.8436794665095848 +- 0.0
MAE: 10.865558582260496 +- 0.0
