Fold: 1 	 Test r2: 0.8563 	 Test Loss: 136.7408 	 Test MAE: 9.3468
Fold: 2 	 Test r2: 0.6698 	 Test Loss: 306.1919 	 Test MAE: 15.0307
Fold: 3 	 Test r2: 0.8779 	 Test Loss: 225.6933 	 Test MAE: 10.5234
Fold: 4 	 Test r2: 0.8419 	 Test Loss: 180.6954 	 Test MAE: 10.2705
Fold: 5 	 Test r2: 0.9064 	 Test Loss: 207.7647 	 Test MAE: 10.2651
Final avg. r2:  0.8304756921118598
Final avg. MSE: 211.4172440526053
Final avg. MAE: 11.087302432315688
R2: 0.8304756921118598 +- 0.0
MAE: 11.087302432315688 +- 0.0
