Fold: 1 	 Test r2: 0.8313 	 Test Loss: 283.7541 	 Test MAE: 13.2643
Fold: 2 	 Test r2: 0.9182 	 Test Loss: 93.8395 	 Test MAE: 7.1903
Fold: 3 	 Test r2: 0.9191 	 Test Loss: 123.7833 	 Test MAE: 8.6824
Fold: 4 	 Test r2: 0.8247 	 Test Loss: 223.2989 	 Test MAE: 9.8207
Fold: 5 	 Test r2: 0.9331 	 Test Loss: 96.3687 	 Test MAE: 6.4099
Final avg. r2:  0.8852737399229114
Final avg. MSE: 164.20890461402502
Final avg. MAE: 9.073518074197427
R2: 0.8852737399229114 +- 0.0
MAE: 9.073518074197427 +- 0.0
