Fold: 1 	 Test r2: 0.7963 	 Test Loss: 371.8949 	 Test MAE: 12.4490
Fold: 2 	 Test r2: 0.3989 	 Test Loss: 363.3675 	 Test MAE: 11.6963
Fold: 3 	 Test r2: 0.9020 	 Test Loss: 211.2803 	 Test MAE: 10.8694
Fold: 4 	 Test r2: 0.9041 	 Test Loss: 104.7883 	 Test MAE: 7.8978
Fold: 5 	 Test r2: 0.8659 	 Test Loss: 180.3752 	 Test MAE: 11.5363
Final avg. r2:  0.7734363211010764
Final avg. MSE: 246.3412308670075
Final avg. MAE: 10.88977649836313
R2: 0.7734363211010764 +- 0.0
MAE: 10.88977649836313 +- 0.0
