Fold: 1 	 Test r2: 0.8877 	 Test Loss: 156.2500 	 Test MAE: 9.3659
Fold: 2 	 Test r2: 0.8884 	 Test Loss: 140.3257 	 Test MAE: 9.3579
Fold: 3 	 Test r2: 0.8206 	 Test Loss: 212.6250 	 Test MAE: 9.4589
Fold: 4 	 Test r2: 0.8918 	 Test Loss: 158.8801 	 Test MAE: 9.8832
Fold: 5 	 Test r2: 0.8983 	 Test Loss: 184.1343 	 Test MAE: 10.5467
Final avg. r2:  0.8773609627227211
Final avg. MSE: 170.4430045617049
Final avg. MAE: 9.722531743418603
R2: 0.8773609627227211 +- 0.0
MAE: 9.722531743418603 +- 0.0
