Fold: 1 	 Test r2: 0.8711 	 Test Loss: 161.4474 	 Test MAE: 8.9674
Fold: 2 	 Test r2: 0.8924 	 Test Loss: 256.9385 	 Test MAE: 10.7250
Fold: 3 	 Test r2: 0.8354 	 Test Loss: 167.2615 	 Test MAE: 10.7250
Fold: 4 	 Test r2: 0.9258 	 Test Loss: 80.9212 	 Test MAE: 6.4681
Fold: 5 	 Test r2: 0.7675 	 Test Loss: 223.8220 	 Test MAE: 11.5083
Final avg. r2:  0.8584606258216831
Final avg. MSE: 178.0781273347292
Final avg. MAE: 9.678738475981213
R2: 0.8584606258216831 +- 0.0
MAE: 9.678738475981213 +- 0.0
