Fold: 1 	 Test r2: 0.9212 	 Test Loss: 184.6671 	 Test MAE: 8.7712
Fold: 2 	 Test r2: 0.7844 	 Test Loss: 277.2012 	 Test MAE: 9.4603
Fold: 3 	 Test r2: 0.7491 	 Test Loss: 308.1941 	 Test MAE: 12.6036
Fold: 4 	 Test r2: 0.9118 	 Test Loss: 91.1323 	 Test MAE: 7.1370
Fold: 5 	 Test r2: 0.8278 	 Test Loss: 201.4524 	 Test MAE: 12.5466
Final avg. r2:  0.8388727853246181
Final avg. MSE: 212.5294109644919
Final avg. MAE: 10.103725432214283
R2: 0.8388727853246181 +- 0.0
MAE: 10.103725432214283 +- 0.0
