Fold: 1 	 Test r2: 0.8223 	 Test Loss: 190.5572 	 Test MAE: 9.6846
Fold: 2 	 Test r2: 0.8723 	 Test Loss: 169.2575 	 Test MAE: 8.7285
Fold: 3 	 Test r2: 0.9252 	 Test Loss: 126.7962 	 Test MAE: 8.0337
Fold: 4 	 Test r2: 0.8721 	 Test Loss: 144.6325 	 Test MAE: 8.6033
Fold: 5 	 Test r2: 0.8967 	 Test Loss: 182.0348 	 Test MAE: 11.6762
Final avg. r2:  0.877715074205055
Final avg. MSE: 162.65562540394757
Final avg. MAE: 9.34527092945008
R2: 0.877715074205055 +- 0.0
MAE: 9.34527092945008 +- 0.0
