Fold: 1 	 Test r2: 0.8680 	 Test Loss: 208.0747 	 Test MAE: 10.7599
Fold: 2 	 Test r2: 0.5292 	 Test Loss: 341.7891 	 Test MAE: 11.5044
Fold: 3 	 Test r2: 0.8874 	 Test Loss: 154.4066 	 Test MAE: 9.6775
Fold: 4 	 Test r2: 0.8737 	 Test Loss: 202.1820 	 Test MAE: 10.1555
Fold: 5 	 Test r2: 0.9029 	 Test Loss: 158.1319 	 Test MAE: 9.2595
Final avg. r2:  0.8122244918891681
Final avg. MSE: 212.91686466458646
Final avg. MAE: 10.271343630836125
R2: 0.8122244918891681 +- 0.0
MAE: 10.271343630836125 +- 0.0
