Fold: 1 	 Test r2: 0.7893 	 Test Loss: 511.5560 	 Test MAE: 15.2718
Fold: 2 	 Test r2: 0.8723 	 Test Loss: 164.3253 	 Test MAE: 10.5090
Fold: 3 	 Test r2: 0.8459 	 Test Loss: 230.4018 	 Test MAE: 10.7461
Fold: 4 	 Test r2: 0.8657 	 Test Loss: 135.6714 	 Test MAE: 8.6779
Fold: 5 	 Test r2: 0.7952 	 Test Loss: 172.9101 	 Test MAE: 8.9189
Final avg. r2:  0.8336759956633596
Final avg. MSE: 242.972922986506
Final avg. MAE: 10.82474485919589
R2: 0.8336759956633596 +- 0.0
MAE: 10.82474485919589 +- 0.0
