Fold: 1 	 Test r2: 0.5681 	 Test Loss: 637.8831 	 Test MAE: 14.7778
Fold: 2 	 Test r2: 0.8637 	 Test Loss: 97.4000 	 Test MAE: 7.7446
Fold: 3 	 Test r2: 0.8942 	 Test Loss: 238.8918 	 Test MAE: 10.4810
Fold: 4 	 Test r2: 0.7235 	 Test Loss: 221.1170 	 Test MAE: 10.1904
Fold: 5 	 Test r2: 0.8785 	 Test Loss: 205.7065 	 Test MAE: 9.7235
Final avg. r2:  0.7856153378406918
Final avg. MSE: 280.1996916187964
Final avg. MAE: 10.58345561084293
R2: 0.7856153378406918 +- 0.0
MAE: 10.58345561084293 +- 0.0
