Fold: 1 	 Test r2: 0.8759 	 Test Loss: 173.7453 	 Test MAE: 8.3107
Fold: 2 	 Test r2: 0.7156 	 Test Loss: 274.6265 	 Test MAE: 11.4039
Fold: 3 	 Test r2: 0.9082 	 Test Loss: 213.1743 	 Test MAE: 9.9491
Fold: 4 	 Test r2: 0.9324 	 Test Loss: 88.3964 	 Test MAE: 6.5056
Fold: 5 	 Test r2: 0.8696 	 Test Loss: 140.7463 	 Test MAE: 8.2339
Final avg. r2:  0.860343708425999
Final avg. MSE: 178.13774745234997
Final avg. MAE: 8.880622775214059
R2: 0.860343708425999 +- 0.0
MAE: 8.880622775214059 +- 0.0
