Fold: 1 	 Test r2: 0.7809 	 Test Loss: 278.4961 	 Test MAE: 12.0934
Fold: 2 	 Test r2: 0.9094 	 Test Loss: 76.9522 	 Test MAE: 7.1222
Fold: 3 	 Test r2: 0.8902 	 Test Loss: 176.5902 	 Test MAE: 10.6475
Fold: 4 	 Test r2: 0.8491 	 Test Loss: 285.2082 	 Test MAE: 12.5603
Fold: 5 	 Test r2: 0.8162 	 Test Loss: 251.9362 	 Test MAE: 12.5850
Final avg. r2:  0.8491541112366289
Final avg. MSE: 213.83658440333883
Final avg. MAE: 11.001703930043039
R2: 0.8491541112366289 +- 0.0
MAE: 11.001703930043039 +- 0.0
