Fold: 1 	 Test r2: -0.5076 	 Test Loss: 0.0626 	 Test MAE: 0.1330
Fold: 2 	 Test r2: 0.4871 	 Test Loss: 0.0179 	 Test MAE: 0.0900
Fold: 3 	 Test r2: 0.5424 	 Test Loss: 0.0390 	 Test MAE: 0.1009
Fold: 4 	 Test r2: 0.6515 	 Test Loss: 0.0109 	 Test MAE: 0.0739
Fold: 5 	 Test r2: 0.6692 	 Test Loss: 0.0133 	 Test MAE: 0.0796
Final avg. r2:  0.36853219847081475
Final avg. MSE: 0.02874115794715936
Final avg. MAE: 0.09547765275818251
R2: 0.36853219847081475 +- 0.0
MAE: 0.09547765275818251 +- 0.0
