Fold: 1 	 Test r2: 0.0588 	 Test Loss: 0.0319 	 Test MAE: 0.1029
Fold: 2 	 Test r2: 0.6146 	 Test Loss: 0.0108 	 Test MAE: 0.0695
Fold: 3 	 Test r2: 0.3490 	 Test Loss: 0.0528 	 Test MAE: 0.1249
Fold: 4 	 Test r2: 0.5581 	 Test Loss: 0.0200 	 Test MAE: 0.0933
Fold: 5 	 Test r2: 0.0825 	 Test Loss: 0.0405 	 Test MAE: 0.1272
Final avg. r2:  0.3325839504213936
Final avg. MSE: 0.0311883096544465
Final avg. MAE: 0.1035404132691776
R2: 0.3325839504213936 +- 0.0
MAE: 0.1035404132691776 +- 0.0
