Fold: 1 	 Test r2: 0.3583 	 Test Loss: 0.0353 	 Test MAE: 0.1004
Fold: 2 	 Test r2: 0.5143 	 Test Loss: 0.0280 	 Test MAE: 0.1102
Fold: 3 	 Test r2: 0.5182 	 Test Loss: 0.0147 	 Test MAE: 0.0816
Fold: 4 	 Test r2: 0.5385 	 Test Loss: 0.0258 	 Test MAE: 0.1101
Fold: 5 	 Test r2: 0.5339 	 Test Loss: 0.0148 	 Test MAE: 0.0739
Final avg. r2:  0.49264738434868727
Final avg. MSE: 0.023716002500381778
Final avg. MAE: 0.09523710814577077
R2: 0.49264738434868727 +- 0.0
MAE: 0.09523710814577077 +- 0.0
