Fold: 1 	 Test r2: 0.5377 	 Test Loss: 0.0145 	 Test MAE: 0.0781
Fold: 2 	 Test r2: 0.2689 	 Test Loss: 0.0459 	 Test MAE: 0.1126
Fold: 3 	 Test r2: 0.3710 	 Test Loss: 0.0298 	 Test MAE: 0.1073
Fold: 4 	 Test r2: 0.5178 	 Test Loss: 0.0206 	 Test MAE: 0.0971
Fold: 5 	 Test r2: -0.2465 	 Test Loss: 0.0578 	 Test MAE: 0.1111
Final avg. r2:  0.2897612913255325
Final avg. MSE: 0.03371586938010315
Final avg. MAE: 0.10126929936144932
R2: 0.2897612913255325 +- 0.0
MAE: 0.10126929936144932 +- 0.0
