Fold: 1 	 Test r2: 0.5731 	 Test Loss: 0.0138 	 Test MAE: 0.0801
Fold: 2 	 Test r2: 0.3813 	 Test Loss: 0.0266 	 Test MAE: 0.1045
Fold: 3 	 Test r2: 0.3789 	 Test Loss: 0.0514 	 Test MAE: 0.1220
Fold: 4 	 Test r2: 0.4971 	 Test Loss: 0.0217 	 Test MAE: 0.0944
Fold: 5 	 Test r2: 0.3751 	 Test Loss: 0.0204 	 Test MAE: 0.0939
Final avg. r2:  0.44109432539522925
Final avg. MSE: 0.02677531889583863
Final avg. MAE: 0.09896125160917944
R2: 0.44109432539522925 +- 0.0
MAE: 0.09896125160917944 +- 0.0
