Fold: 1 	 Test r2: 0.3888 	 Test Loss: 0.0354 	 Test MAE: 0.1279
Fold: 2 	 Test r2: -0.6965 	 Test Loss: 0.0420 	 Test MAE: 0.0918
Fold: 3 	 Test r2: 0.6568 	 Test Loss: 0.0183 	 Test MAE: 0.0918
Fold: 4 	 Test r2: 0.2119 	 Test Loss: 0.0531 	 Test MAE: 0.1320
Fold: 5 	 Test r2: -0.0953 	 Test Loss: 0.0281 	 Test MAE: 0.0752
Final avg. r2:  0.09314235466684051
Final avg. MSE: 0.03536427730996842
Final avg. MAE: 0.10374028779895736
R2: 0.09314235466684051 +- 0.0
MAE: 0.10374028779895736 +- 0.0
