Fold: 1 	 Test r2: 0.5283 	 Test Loss: 0.0137 	 Test MAE: 0.0829
Fold: 2 	 Test r2: 0.3109 	 Test Loss: 0.0509 	 Test MAE: 0.1225
Fold: 3 	 Test r2: 0.4909 	 Test Loss: 0.0204 	 Test MAE: 0.0925
Fold: 4 	 Test r2: 0.5824 	 Test Loss: 0.0170 	 Test MAE: 0.0765
Fold: 5 	 Test r2: 0.5071 	 Test Loss: 0.0243 	 Test MAE: 0.0941
Final avg. r2:  0.48391865603848255
Final avg. MSE: 0.025276437687994573
Final avg. MAE: 0.09369034982685533
R2: 0.48391865603848255 +- 0.0
MAE: 0.09369034982685533 +- 0.0
