Fold: 1 	 Test r2: 0.5485 	 Test Loss: 0.0246 	 Test MAE: 0.0981
Fold: 2 	 Test r2: -0.6992 	 Test Loss: 0.0510 	 Test MAE: 0.1086
Fold: 3 	 Test r2: 0.6282 	 Test Loss: 0.0166 	 Test MAE: 0.0892
Fold: 4 	 Test r2: 0.5072 	 Test Loss: 0.0362 	 Test MAE: 0.0923
Fold: 5 	 Test r2: 0.7141 	 Test Loss: 0.0090 	 Test MAE: 0.0656
Final avg. r2:  0.3397486724403776
Final avg. MSE: 0.027470299237042604
Final avg. MAE: 0.09073091503359428
R2: 0.3397486724403776 +- 0.0
MAE: 0.09073091503359428 +- 0.0
