Fold: 1 	 Test r2: 0.2620 	 Test Loss: 0.0247 	 Test MAE: 0.1021
Fold: 2 	 Test r2: 0.5526 	 Test Loss: 0.0220 	 Test MAE: 0.1019
Fold: 3 	 Test r2: 0.1153 	 Test Loss: 0.0407 	 Test MAE: 0.1149
Fold: 4 	 Test r2: 0.5365 	 Test Loss: 0.0199 	 Test MAE: 0.1006
Fold: 5 	 Test r2: 0.5240 	 Test Loss: 0.0307 	 Test MAE: 0.0819
Final avg. r2:  0.3980973731610435
Final avg. MSE: 0.02759614516389382
Final avg. MAE: 0.10025834860723644
R2: 0.3980973731610435 +- 0.0
MAE: 0.10025834860723644 +- 0.0
