Fold: 1 	 Test r2: 0.4822 	 Test Loss: 0.0388 	 Test MAE: 0.0834
Fold: 2 	 Test r2: 0.5260 	 Test Loss: 0.0173 	 Test MAE: 0.0977
Fold: 3 	 Test r2: 0.4828 	 Test Loss: 0.0234 	 Test MAE: 0.1001
Fold: 4 	 Test r2: 0.5265 	 Test Loss: 0.0224 	 Test MAE: 0.1081
Fold: 5 	 Test r2: 0.1690 	 Test Loss: 0.0217 	 Test MAE: 0.0758
Final avg. r2:  0.4373100724427445
Final avg. MSE: 0.02473173469425773
Final avg. MAE: 0.09300862116371693
R2: 0.4373100724427445 +- 0.0
MAE: 0.09300862116371693 +- 0.0
