Fold: 1 	 Test r2: 0.3782 	 Test Loss: 0.0264 	 Test MAE: 0.1154
Fold: 2 	 Test r2: 0.6488 	 Test Loss: 0.0165 	 Test MAE: 0.0804
Fold: 3 	 Test r2: 0.1935 	 Test Loss: 0.0302 	 Test MAE: 0.1171
Fold: 4 	 Test r2: 0.4616 	 Test Loss: 0.0267 	 Test MAE: 0.1062
Fold: 5 	 Test r2: 0.2689 	 Test Loss: 0.0421 	 Test MAE: 0.0966
Final avg. r2:  0.39019388442066166
Final avg. MSE: 0.028367788032643754
Final avg. MAE: 0.10314504345498827
R2: 0.39019388442066166 +- 0.0
MAE: 0.10314504345498827 +- 0.0
