Fold: 1 	 Test r2: 0.8853 	 Test Loss: 0.0037 	 Test MAE: 0.0412
Fold: 2 	 Test r2: 0.8174 	 Test Loss: 0.0061 	 Test MAE: 0.0463
Fold: 3 	 Test r2: 0.8024 	 Test Loss: 0.0112 	 Test MAE: 0.0627
Fold: 4 	 Test r2: 0.7447 	 Test Loss: 0.0199 	 Test MAE: 0.0659
Fold: 5 	 Test r2: 0.7339 	 Test Loss: 0.0085 	 Test MAE: 0.0612
Final avg. r2:  0.7967502934912245
Final avg. MSE: 0.009877873885011977
Final avg. MAE: 0.055455284705702344
R2: 0.7967502934912245 +- 0.0
MAE: 0.055455284705702344 +- 0.0
