Fold: 1 	 Test r2: 0.6803 	 Test Loss: 0.0090 	 Test MAE: 0.0656
Fold: 2 	 Test r2: 0.7171 	 Test Loss: 0.0177 	 Test MAE: 0.0575
Fold: 3 	 Test r2: 0.7320 	 Test Loss: 0.0130 	 Test MAE: 0.0675
Fold: 4 	 Test r2: 0.7815 	 Test Loss: 0.0096 	 Test MAE: 0.0480
Fold: 5 	 Test r2: 0.9204 	 Test Loss: 0.0040 	 Test MAE: 0.0424
Final avg. r2:  0.7662445339326547
Final avg. MSE: 0.010658158637985778
Final avg. MAE: 0.05618826575818009
R2: 0.7662445339326547 +- 0.0
MAE: 0.05618826575818009 +- 0.0
