Fold: 1 	 Test r2: 0.7758 	 Test Loss: 0.0088 	 Test MAE: 0.0644
Fold: 2 	 Test r2: 0.8170 	 Test Loss: 0.0080 	 Test MAE: 0.0616
Fold: 3 	 Test r2: 0.5716 	 Test Loss: 0.0134 	 Test MAE: 0.0785
Fold: 4 	 Test r2: 0.4400 	 Test Loss: 0.0422 	 Test MAE: 0.0996
Fold: 5 	 Test r2: 0.5977 	 Test Loss: 0.0170 	 Test MAE: 0.0757
Final avg. r2:  0.6404265379269815
Final avg. MSE: 0.01787743335817285
Final avg. MAE: 0.0759793275447727
R2: 0.6404265379269815 +- 0.0
MAE: 0.0759793275447727 +- 0.0
