Fold: 1 	 Test r2: 0.8055 	 Test Loss: 0.0076 	 Test MAE: 0.0501
Fold: 2 	 Test r2: 0.6391 	 Test Loss: 0.0241 	 Test MAE: 0.0785
Fold: 3 	 Test r2: 0.7414 	 Test Loss: 0.0142 	 Test MAE: 0.0756
Fold: 4 	 Test r2: 0.9139 	 Test Loss: 0.0026 	 Test MAE: 0.0371
Fold: 5 	 Test r2: 0.7594 	 Test Loss: 0.0103 	 Test MAE: 0.0565
Final avg. r2:  0.7718516862606066
Final avg. MSE: 0.011759534811889821
Final avg. MAE: 0.05956306097408136
R2: 0.7718516862606066 +- 0.0
MAE: 0.05956306097408136 +- 0.0
