Fold: 1 	 Test r2: 0.9166 	 Test Loss: 0.0038 	 Test MAE: 0.0424
Fold: 2 	 Test r2: 0.5921 	 Test Loss: 0.0161 	 Test MAE: 0.0700
Fold: 3 	 Test r2: 0.6881 	 Test Loss: 0.0162 	 Test MAE: 0.0682
Fold: 4 	 Test r2: 0.7924 	 Test Loss: 0.0103 	 Test MAE: 0.0532
Fold: 5 	 Test r2: 0.8444 	 Test Loss: 0.0075 	 Test MAE: 0.0573
Final avg. r2:  0.7667322162751177
Final avg. MSE: 0.01078451327633281
Final avg. MAE: 0.058245213473608504
R2: 0.7667322162751177 +- 0.0
MAE: 0.058245213473608504 +- 0.0
