Fold: 1 	 Test r2: 0.8011 	 Test Loss: 0.0068 	 Test MAE: 0.0501
Fold: 2 	 Test r2: 0.9048 	 Test Loss: 0.0035 	 Test MAE: 0.0419
Fold: 3 	 Test r2: 0.3995 	 Test Loss: 0.0241 	 Test MAE: 0.0831
Fold: 4 	 Test r2: 0.8758 	 Test Loss: 0.0060 	 Test MAE: 0.0450
Fold: 5 	 Test r2: 0.6361 	 Test Loss: 0.0274 	 Test MAE: 0.0725
Final avg. r2:  0.7234614425038515
Final avg. MSE: 0.013559508848429502
Final avg. MAE: 0.05853833203856536
R2: 0.7234614425038515 +- 0.0
MAE: 0.05853833203856536 +- 0.0
