Fold: 1 	 Test r2: 0.7542 	 Test Loss: 0.0080 	 Test MAE: 0.0614
Fold: 2 	 Test r2: 0.7947 	 Test Loss: 0.0093 	 Test MAE: 0.0651
Fold: 3 	 Test r2: 0.7134 	 Test Loss: 0.0103 	 Test MAE: 0.0650
Fold: 4 	 Test r2: 0.6662 	 Test Loss: 0.0247 	 Test MAE: 0.0857
Fold: 5 	 Test r2: 0.8190 	 Test Loss: 0.0080 	 Test MAE: 0.0600
Final avg. r2:  0.7494850420155827
Final avg. MSE: 0.012075705085392515
Final avg. MAE: 0.06743072693736679
R2: 0.7494850420155827 +- 0.0
MAE: 0.06743072693736679 +- 0.0
