Fold: 1 	 Test r2: 0.7952 	 Test Loss: 0.0086 	 Test MAE: 0.0554
Fold: 2 	 Test r2: 0.7036 	 Test Loss: 0.0231 	 Test MAE: 0.0717
Fold: 3 	 Test r2: 0.7502 	 Test Loss: 0.0112 	 Test MAE: 0.0786
Fold: 4 	 Test r2: 0.8516 	 Test Loss: 0.0043 	 Test MAE: 0.0441
Fold: 5 	 Test r2: 0.5707 	 Test Loss: 0.0177 	 Test MAE: 0.0847
Final avg. r2:  0.7342629843706172
Final avg. MSE: 0.012983779968194525
Final avg. MAE: 0.0668840828358012
R2: 0.7342629843706172 +- 0.0
MAE: 0.0668840828358012 +- 0.0
