Fold: 1 	 Test r2: 0.7730 	 Test Loss: 0.0095 	 Test MAE: 0.0664
Fold: 2 	 Test r2: 0.7968 	 Test Loss: 0.0107 	 Test MAE: 0.0611
Fold: 3 	 Test r2: 0.6146 	 Test Loss: 0.0230 	 Test MAE: 0.0687
Fold: 4 	 Test r2: 0.8214 	 Test Loss: 0.0066 	 Test MAE: 0.0556
Fold: 5 	 Test r2: 0.7698 	 Test Loss: 0.0099 	 Test MAE: 0.0699
Final avg. r2:  0.7551218037678221
Final avg. MSE: 0.011922715869379137
Final avg. MAE: 0.06431711870974222
R2: 0.7551218037678221 +- 0.0
MAE: 0.06431711870974222 +- 0.0
