Fold: 1 	 Test r2: 0.8029 	 Test Loss: 0.0079 	 Test MAE: 0.0562
Fold: 2 	 Test r2: 0.7835 	 Test Loss: 0.0107 	 Test MAE: 0.0576
Fold: 3 	 Test r2: 0.7996 	 Test Loss: 0.0093 	 Test MAE: 0.0685
Fold: 4 	 Test r2: 0.5395 	 Test Loss: 0.0291 	 Test MAE: 0.0827
Fold: 5 	 Test r2: 0.7179 	 Test Loss: 0.0095 	 Test MAE: 0.0580
Final avg. r2:  0.7286742103273883
Final avg. MSE: 0.013293430335038936
Final avg. MAE: 0.06458497342216421
R2: 0.7286742103273883 +- 0.0
MAE: 0.06458497342216421 +- 0.0
