Fold: 1 	 Test r2: 0.8850 	 Test Loss: 0.0065 	 Test MAE: 0.0469
Fold: 2 	 Test r2: 0.8722 	 Test Loss: 0.0090 	 Test MAE: 0.0532
Fold: 3 	 Test r2: 0.6640 	 Test Loss: 0.0112 	 Test MAE: 0.0590
Fold: 4 	 Test r2: 0.8094 	 Test Loss: 0.0075 	 Test MAE: 0.0564
Fold: 5 	 Test r2: 0.8278 	 Test Loss: 0.0060 	 Test MAE: 0.0499
Final avg. r2:  0.8116820866871031
Final avg. MSE: 0.008033882172643957
Final avg. MAE: 0.05304954527516147
R2: 0.8116820866871031 +- 0.0
MAE: 0.05304954527516147 +- 0.0
