Fold: 1 	 Test r2: 0.8594 	 Test Loss: 0.0070 	 Test MAE: 0.0580
Fold: 2 	 Test r2: 0.7427 	 Test Loss: 0.0086 	 Test MAE: 0.0619
Fold: 3 	 Test r2: 0.7518 	 Test Loss: 0.0128 	 Test MAE: 0.0626
Fold: 4 	 Test r2: 0.7600 	 Test Loss: 0.0146 	 Test MAE: 0.0571
Fold: 5 	 Test r2: 0.8777 	 Test Loss: 0.0042 	 Test MAE: 0.0439
Final avg. r2:  0.7983172518588351
Final avg. MSE: 0.009450244735700096
Final avg. MAE: 0.0566807569061615
R2: 0.7983172518588351 +- 0.0
MAE: 0.0566807569061615 +- 0.0
