Fold: 1 	 Test r2: 0.8000 	 Test Loss: 0.0067 	 Test MAE: 0.0576
Fold: 2 	 Test r2: 0.8506 	 Test Loss: 0.0062 	 Test MAE: 0.0591
Fold: 3 	 Test r2: 0.6177 	 Test Loss: 0.0138 	 Test MAE: 0.0565
Fold: 4 	 Test r2: 0.7488 	 Test Loss: 0.0126 	 Test MAE: 0.0616
Fold: 5 	 Test r2: 0.7268 	 Test Loss: 0.0199 	 Test MAE: 0.0686
Final avg. r2:  0.7487874999203404
Final avg. MSE: 0.011849496537937088
Final avg. MAE: 0.0606903738228186
R2: 0.7487874999203404 +- 0.0
MAE: 0.0606903738228186 +- 0.0
