Fold: 1 	 Test r2: 0.6765 	 Test Loss: 0.0134 	 Test MAE: 0.0712
Fold: 2 	 Test r2: 0.7780 	 Test Loss: 0.0090 	 Test MAE: 0.0674
Fold: 3 	 Test r2: 0.5351 	 Test Loss: 0.0287 	 Test MAE: 0.0794
Fold: 4 	 Test r2: 0.8448 	 Test Loss: 0.0078 	 Test MAE: 0.0604
Fold: 5 	 Test r2: 0.7600 	 Test Loss: 0.0097 	 Test MAE: 0.0638
Final avg. r2:  0.7188520767833972
Final avg. MSE: 0.01370844237346398
Final avg. MAE: 0.06843760470752003
R2: 0.7188520767833972 +- 0.0
MAE: 0.06843760470752003 +- 0.0
