Fold: 1 	 Test r2: 0.7563 	 Test Loss: 0.0068 	 Test MAE: 0.0537
Fold: 2 	 Test r2: 0.8957 	 Test Loss: 0.0048 	 Test MAE: 0.0448
Fold: 3 	 Test r2: 0.6587 	 Test Loss: 0.0134 	 Test MAE: 0.0556
Fold: 4 	 Test r2: 0.8350 	 Test Loss: 0.0096 	 Test MAE: 0.0712
Fold: 5 	 Test r2: 0.7301 	 Test Loss: 0.0173 	 Test MAE: 0.0618
Final avg. r2:  0.7751501898494192
Final avg. MSE: 0.010374992753747841
Final avg. MAE: 0.05742167292517565
R2: 0.7751501898494192 +- 0.0
MAE: 0.05742167292517565 +- 0.0
