Fold: 1 	 Test r2: 0.8607 	 Test Loss: 0.0059 	 Test MAE: 0.0499
Fold: 2 	 Test r2: 0.9115 	 Test Loss: 0.0036 	 Test MAE: 0.0373
Fold: 3 	 Test r2: 0.6266 	 Test Loss: 0.0267 	 Test MAE: 0.0762
Fold: 4 	 Test r2: 0.8467 	 Test Loss: 0.0055 	 Test MAE: 0.0524
Fold: 5 	 Test r2: 0.7962 	 Test Loss: 0.0087 	 Test MAE: 0.0610
Final avg. r2:  0.8083361488282325
Final avg. MSE: 0.01007905824538593
Final avg. MAE: 0.05535327465887986
R2: 0.8083361488282325 +- 0.0
MAE: 0.05535327465887986 +- 0.0
