Fold: 1 	 Test r2: 0.6967 	 Test Loss: 0.0153 	 Test MAE: 0.0810
Fold: 2 	 Test r2: 0.6884 	 Test Loss: 0.0133 	 Test MAE: 0.0703
Fold: 3 	 Test r2: 0.8024 	 Test Loss: 0.0061 	 Test MAE: 0.0561
Fold: 4 	 Test r2: 0.6838 	 Test Loss: 0.0232 	 Test MAE: 0.0705
Fold: 5 	 Test r2: 0.8109 	 Test Loss: 0.0072 	 Test MAE: 0.0645
Final avg. r2:  0.7364408132658001
Final avg. MSE: 0.013031890546714234
Final avg. MAE: 0.06849026676191358
R2: 0.7364408132658001 +- 0.0
MAE: 0.06849026676191358 +- 0.0
