Fold: 1 	 Test r2: 0.5244 	 Test Loss: 0.0149 	 Test MAE: 0.0697
Fold: 2 	 Test r2: 0.8409 	 Test Loss: 0.0062 	 Test MAE: 0.0536
Fold: 3 	 Test r2: 0.9198 	 Test Loss: 0.0045 	 Test MAE: 0.0498
Fold: 4 	 Test r2: 0.6225 	 Test Loss: 0.0249 	 Test MAE: 0.0634
Fold: 5 	 Test r2: 0.7908 	 Test Loss: 0.0090 	 Test MAE: 0.0606
Final avg. r2:  0.7396705916792147
Final avg. MSE: 0.011901010365897188
Final avg. MAE: 0.05938938480998281
R2: 0.7396705916792147 +- 0.0
MAE: 0.05938938480998281 +- 0.0
