Fold: 1 	 Test r2: 0.7326 	 Test Loss: 0.0109 	 Test MAE: 0.0653
Fold: 2 	 Test r2: 0.8384 	 Test Loss: 0.0077 	 Test MAE: 0.0392
Fold: 3 	 Test r2: 0.6695 	 Test Loss: 0.0092 	 Test MAE: 0.0624
Fold: 4 	 Test r2: 0.7068 	 Test Loss: 0.0216 	 Test MAE: 0.0622
Fold: 5 	 Test r2: 0.8715 	 Test Loss: 0.0056 	 Test MAE: 0.0507
Final avg. r2:  0.7637713882205425
Final avg. MSE: 0.011002936938791343
Final avg. MAE: 0.05597294092678852
R2: 0.7637713882205425 +- 0.0
MAE: 0.05597294092678852 +- 0.0
