Fold: 1 	 Test r2: 0.5326 	 Test Loss: 0.0225 	 Test MAE: 0.0756
Fold: 2 	 Test r2: 0.8058 	 Test Loss: 0.0083 	 Test MAE: 0.0644
Fold: 3 	 Test r2: 0.6928 	 Test Loss: 0.0194 	 Test MAE: 0.0799
Fold: 4 	 Test r2: 0.7993 	 Test Loss: 0.0069 	 Test MAE: 0.0609
Fold: 5 	 Test r2: 0.7698 	 Test Loss: 0.0106 	 Test MAE: 0.0677
Final avg. r2:  0.7200534744443384
Final avg. MSE: 0.01353767620402529
Final avg. MAE: 0.06968590277975716
R2: 0.7200534744443384 +- 0.0
MAE: 0.06968590277975716 +- 0.0
