Fold: 1 	 Test r2: 0.7382 	 Test Loss: 0.0120 	 Test MAE: 0.0805
Fold: 2 	 Test r2: 0.5205 	 Test Loss: 0.0117 	 Test MAE: 0.0663
Fold: 3 	 Test r2: 0.6747 	 Test Loss: 0.0225 	 Test MAE: 0.0837
Fold: 4 	 Test r2: 0.7291 	 Test Loss: 0.0148 	 Test MAE: 0.0705
Fold: 5 	 Test r2: 0.8444 	 Test Loss: 0.0065 	 Test MAE: 0.0572
Final avg. r2:  0.7013695011205993
Final avg. MSE: 0.013482352616782009
Final avg. MAE: 0.071660870890811
R2: 0.7013695011205993 +- 0.0
MAE: 0.071660870890811 +- 0.0
