Fold: 1 	 Test r2: 0.7774 	 Test Loss: 0.0095 	 Test MAE: 0.0655
Fold: 2 	 Test r2: 0.7028 	 Test Loss: 0.0148 	 Test MAE: 0.0673
Fold: 3 	 Test r2: 0.7029 	 Test Loss: 0.0123 	 Test MAE: 0.0696
Fold: 4 	 Test r2: 0.3642 	 Test Loss: 0.0419 	 Test MAE: 0.1015
Fold: 5 	 Test r2: 0.7004 	 Test Loss: 0.0093 	 Test MAE: 0.0635
Final avg. r2:  0.6495198873845306
Final avg. MSE: 0.01758990896594177
Final avg. MAE: 0.0734811363171558
R2: 0.6495198873845306 +- 0.0
MAE: 0.0734811363171558 +- 0.0
