Fold: 1 	 Test r2: 0.4799 	 Test Loss: 0.0222 	 Test MAE: 0.0773
Fold: 2 	 Test r2: 0.7043 	 Test Loss: 0.0123 	 Test MAE: 0.0728
Fold: 3 	 Test r2: 0.7318 	 Test Loss: 0.0140 	 Test MAE: 0.0713
Fold: 4 	 Test r2: 0.5975 	 Test Loss: 0.0262 	 Test MAE: 0.0646
Fold: 5 	 Test r2: 0.7428 	 Test Loss: 0.0087 	 Test MAE: 0.0690
Final avg. r2:  0.651266201869072
Final avg. MSE: 0.016691545948983637
Final avg. MAE: 0.07098344284470896
R2: 0.651266201869072 +- 0.0
MAE: 0.07098344284470896 +- 0.0
