Fold: 1 	 Test r2: 0.8504 	 Test Loss: 0.0064 	 Test MAE: 0.0529
Fold: 2 	 Test r2: 0.6337 	 Test Loss: 0.0242 	 Test MAE: 0.0725
Fold: 3 	 Test r2: 0.7218 	 Test Loss: 0.0109 	 Test MAE: 0.0672
Fold: 4 	 Test r2: 0.8064 	 Test Loss: 0.0084 	 Test MAE: 0.0400
Fold: 5 	 Test r2: 0.8447 	 Test Loss: 0.0067 	 Test MAE: 0.0618
Final avg. r2:  0.7714245642821814
Final avg. MSE: 0.011328641864752402
Final avg. MAE: 0.05888408237662749
R2: 0.7714245642821814 +- 0.0
MAE: 0.05888408237662749 +- 0.0
