Fold: 1 	 Test r2: 0.7811 	 Test Loss: 0.0082 	 Test MAE: 0.0635
Fold: 2 	 Test r2: 0.8407 	 Test Loss: 0.0050 	 Test MAE: 0.0472
Fold: 3 	 Test r2: 0.8227 	 Test Loss: 0.0079 	 Test MAE: 0.0467
Fold: 4 	 Test r2: 0.7695 	 Test Loss: 0.0180 	 Test MAE: 0.0741
Fold: 5 	 Test r2: 0.9197 	 Test Loss: 0.0031 	 Test MAE: 0.0358
Final avg. r2:  0.8267396243575253
Final avg. MSE: 0.008432210001651029
Final avg. MAE: 0.05343075717362215
R2: 0.8267396243575253 +- 0.0
MAE: 0.05343075717362215 +- 0.0
