Fold: 1 	 Test r2: 0.6823 	 Test Loss: 0.0205 	 Test MAE: 0.0741
Fold: 2 	 Test r2: 0.6257 	 Test Loss: 0.0180 	 Test MAE: 0.0769
Fold: 3 	 Test r2: 0.6635 	 Test Loss: 0.0137 	 Test MAE: 0.0829
Fold: 4 	 Test r2: 0.7815 	 Test Loss: 0.0094 	 Test MAE: 0.0717
Fold: 5 	 Test r2: 0.7458 	 Test Loss: 0.0090 	 Test MAE: 0.0651
Final avg. r2:  0.6997317827770059
Final avg. MSE: 0.014148987976537849
Final avg. MAE: 0.07414820266976244
R2: 0.6997317827770059 +- 0.0
MAE: 0.07414820266976244 +- 0.0
