Fold: 1 	 Test r2: 0.7196 	 Test Loss: 0.0216 	 Test MAE: 0.0631
Fold: 2 	 Test r2: 0.7538 	 Test Loss: 0.0084 	 Test MAE: 0.0686
Fold: 3 	 Test r2: 0.5409 	 Test Loss: 0.0137 	 Test MAE: 0.0777
Fold: 4 	 Test r2: 0.7395 	 Test Loss: 0.0111 	 Test MAE: 0.0705
Fold: 5 	 Test r2: 0.6751 	 Test Loss: 0.0159 	 Test MAE: 0.0672
Final avg. r2:  0.685796095684537
Final avg. MSE: 0.014141935550617341
Final avg. MAE: 0.06940792251733088
R2: 0.685796095684537 +- 0.0
MAE: 0.06940792251733088 +- 0.0
