Fold: 1 	 Test r2: 0.7589 	 Test Loss: 0.0096 	 Test MAE: 0.0676
Fold: 2 	 Test r2: 0.6531 	 Test Loss: 0.0201 	 Test MAE: 0.0872
Fold: 3 	 Test r2: 0.6839 	 Test Loss: 0.0205 	 Test MAE: 0.0665
Fold: 4 	 Test r2: 0.7300 	 Test Loss: 0.0106 	 Test MAE: 0.0653
Fold: 5 	 Test r2: 0.8027 	 Test Loss: 0.0055 	 Test MAE: 0.0488
Final avg. r2:  0.7257308833916698
Final avg. MSE: 0.0132522639912383
Final avg. MAE: 0.06708111085289088
R2: 0.7257308833916698 +- 0.0
MAE: 0.06708111085289088 +- 0.0
