Fold: 1 	 Test r2: 0.7591 	 Test Loss: 0.0108 	 Test MAE: 0.0714
Fold: 2 	 Test r2: 0.6592 	 Test Loss: 0.0121 	 Test MAE: 0.0719
Fold: 3 	 Test r2: -0.2219 	 Test Loss: 0.0603 	 Test MAE: 0.1260
Fold: 4 	 Test r2: 0.7040 	 Test Loss: 0.0098 	 Test MAE: 0.0631
Fold: 5 	 Test r2: 0.6031 	 Test Loss: 0.0282 	 Test MAE: 0.0664
Final avg. r2:  0.5007096099582237
Final avg. MSE: 0.02422747843868315
Final avg. MAE: 0.07978099363976393
R2: 0.5007096099582237 +- 0.0
MAE: 0.07978099363976393 +- 0.0
