Fold: 1 	 Test r2: 0.7981 	 Test Loss: 0.0065 	 Test MAE: 0.0500
Fold: 2 	 Test r2: 0.6808 	 Test Loss: 0.0105 	 Test MAE: 0.0512
Fold: 3 	 Test r2: 0.8847 	 Test Loss: 0.0037 	 Test MAE: 0.0453
Fold: 4 	 Test r2: 0.7010 	 Test Loss: 0.0242 	 Test MAE: 0.0839
Fold: 5 	 Test r2: 0.9231 	 Test Loss: 0.0035 	 Test MAE: 0.0422
Final avg. r2:  0.7975259851673481
Final avg. MSE: 0.009689926512083693
Final avg. MAE: 0.05449410068998937
R2: 0.7975259851673481 +- 0.0
MAE: 0.05449410068998937 +- 0.0
