Fold: 1 	 Test r2: 0.9338 	 Test Loss: 0.0037 	 Test MAE: 0.0451
Fold: 2 	 Test r2: 0.1269 	 Test Loss: 0.0341 	 Test MAE: 0.0915
Fold: 3 	 Test r2: 0.7916 	 Test Loss: 0.0053 	 Test MAE: 0.0525
Fold: 4 	 Test r2: 0.6268 	 Test Loss: 0.0183 	 Test MAE: 0.0895
Fold: 5 	 Test r2: 0.6629 	 Test Loss: 0.0218 	 Test MAE: 0.0659
Final avg. r2:  0.6284159045255947
Final avg. MSE: 0.01664948152167659
Final avg. MAE: 0.06890841924084895
R2: 0.6284159045255947 +- 0.0
MAE: 0.06890841924084895 +- 0.0
