Fold: 1 	 Test r2: 0.7388 	 Test Loss: 0.0093 	 Test MAE: 0.0547
Fold: 2 	 Test r2: 0.6510 	 Test Loss: 0.0153 	 Test MAE: 0.0861
Fold: 3 	 Test r2: 0.5753 	 Test Loss: 0.0294 	 Test MAE: 0.0790
Fold: 4 	 Test r2: 0.7230 	 Test Loss: 0.0117 	 Test MAE: 0.0645
Fold: 5 	 Test r2: 0.7330 	 Test Loss: 0.0119 	 Test MAE: 0.0736
Final avg. r2:  0.6842180411171241
Final avg. MSE: 0.015509957715217687
Final avg. MAE: 0.07159073714382289
R2: 0.6842180411171241 +- 0.0
MAE: 0.07159073714382289 +- 0.0
