Fold: 1 	 Test r2: 0.7458 	 Test Loss: 0.0107 	 Test MAE: 0.0565
Fold: 2 	 Test r2: 0.7858 	 Test Loss: 0.0076 	 Test MAE: 0.0544
Fold: 3 	 Test r2: 0.7910 	 Test Loss: 0.0071 	 Test MAE: 0.0618
Fold: 4 	 Test r2: 0.9331 	 Test Loss: 0.0030 	 Test MAE: 0.0398
Fold: 5 	 Test r2: 0.6766 	 Test Loss: 0.0253 	 Test MAE: 0.0778
Final avg. r2:  0.7864561164645008
Final avg. MSE: 0.01074339396839362
Final avg. MAE: 0.05807299585759538
R2: 0.7864561164645008 +- 0.0
MAE: 0.05807299585759538 +- 0.0
