Fold: 1 	 Test r2: 0.7233 	 Test Loss: 0.0090 	 Test MAE: 0.0556
Fold: 2 	 Test r2: 0.4333 	 Test Loss: 0.0213 	 Test MAE: 0.0965
Fold: 3 	 Test r2: 0.3712 	 Test Loss: 0.0356 	 Test MAE: 0.1088
Fold: 4 	 Test r2: 0.6467 	 Test Loss: 0.0222 	 Test MAE: 0.0652
Fold: 5 	 Test r2: 0.7969 	 Test Loss: 0.0093 	 Test MAE: 0.0620
Final avg. r2:  0.5942815336342667
Final avg. MSE: 0.019481886260232166
Final avg. MAE: 0.07761524694965405
R2: 0.5942815336342667 +- 0.0
MAE: 0.07761524694965405 +- 0.0
