Fold: 1 	 Test r2: 0.8109 	 Test Loss: 0.0055 	 Test MAE: 0.0542
Fold: 2 	 Test r2: 0.6723 	 Test Loss: 0.0308 	 Test MAE: 0.0854
Fold: 3 	 Test r2: 0.4601 	 Test Loss: 0.0193 	 Test MAE: 0.0822
Fold: 4 	 Test r2: 0.8201 	 Test Loss: 0.0063 	 Test MAE: 0.0553
Fold: 5 	 Test r2: 0.3489 	 Test Loss: 0.0248 	 Test MAE: 0.0761
Final avg. r2:  0.622450474825505
Final avg. MSE: 0.017356577519328436
Final avg. MAE: 0.07065216458472265
R2: 0.622450474825505 +- 0.0
MAE: 0.07065216458472265 +- 0.0
