Fold: 1 	 Test r2: 0.8986 	 Test Loss: 0.0041 	 Test MAE: 0.0413
Fold: 2 	 Test r2: 0.7279 	 Test Loss: 0.0121 	 Test MAE: 0.0573
Fold: 3 	 Test r2: 0.7531 	 Test Loss: 0.0105 	 Test MAE: 0.0659
Fold: 4 	 Test r2: 0.5820 	 Test Loss: 0.0284 	 Test MAE: 0.0836
Fold: 5 	 Test r2: 0.9253 	 Test Loss: 0.0029 	 Test MAE: 0.0396
Final avg. r2:  0.777389872334695
Final avg. MSE: 0.011593316581529609
Final avg. MAE: 0.05753833952860361
R2: 0.777389872334695 +- 0.0
MAE: 0.05753833952860361 +- 0.0
