Fold: 1 	 Test r2: 0.8118 	 Test Loss: 0.0065 	 Test MAE: 0.0451
Fold: 2 	 Test r2: 0.9373 	 Test Loss: 0.0023 	 Test MAE: 0.0336
Fold: 3 	 Test r2: 0.6946 	 Test Loss: 0.0133 	 Test MAE: 0.0597
Fold: 4 	 Test r2: 0.8665 	 Test Loss: 0.0078 	 Test MAE: 0.0611
Fold: 5 	 Test r2: 0.6731 	 Test Loss: 0.0197 	 Test MAE: 0.0688
Final avg. r2:  0.7966715223877228
Final avg. MSE: 0.009917038574144024
Final avg. MAE: 0.053669967008817966
R2: 0.7966715223877228 +- 0.0
MAE: 0.053669967008817966 +- 0.0
