Fold: 1 	 Test r2: 0.8814 	 Test Loss: 0.0050 	 Test MAE: 0.0514
Fold: 2 	 Test r2: 0.7335 	 Test Loss: 0.0108 	 Test MAE: 0.0509
Fold: 3 	 Test r2: 0.7756 	 Test Loss: 0.0105 	 Test MAE: 0.0757
Fold: 4 	 Test r2: 0.8516 	 Test Loss: 0.0057 	 Test MAE: 0.0449
Fold: 5 	 Test r2: 0.7174 	 Test Loss: 0.0188 	 Test MAE: 0.0719
Final avg. r2:  0.791902541720636
Final avg. MSE: 0.010190265683880073
Final avg. MAE: 0.05897960440338064
R2: 0.791902541720636 +- 0.0
MAE: 0.05897960440338064 +- 0.0
