Fold: 1 	 Test r2: 0.9074 	 Test Loss: 0.0037 	 Test MAE: 0.0358
Fold: 2 	 Test r2: 0.8986 	 Test Loss: 0.0044 	 Test MAE: 0.0441
Fold: 3 	 Test r2: 0.7019 	 Test Loss: 0.0130 	 Test MAE: 0.0753
Fold: 4 	 Test r2: 0.7292 	 Test Loss: 0.0087 	 Test MAE: 0.0495
Fold: 5 	 Test r2: 0.7350 	 Test Loss: 0.0203 	 Test MAE: 0.0815
Final avg. r2:  0.7944128652505877
Final avg. MSE: 0.010009499657014444
Final avg. MAE: 0.05723162727924634
R2: 0.7944128652505877 +- 0.0
MAE: 0.05723162727924634 +- 0.0
