Fold: 1 	 Test r2: 0.5397 	 Test Loss: 0.0292 	 Test MAE: 0.0766
Fold: 2 	 Test r2: 0.9188 	 Test Loss: 0.0034 	 Test MAE: 0.0339
Fold: 3 	 Test r2: 0.6187 	 Test Loss: 0.0138 	 Test MAE: 0.0677
Fold: 4 	 Test r2: 0.8531 	 Test Loss: 0.0070 	 Test MAE: 0.0508
Fold: 5 	 Test r2: 0.8270 	 Test Loss: 0.0076 	 Test MAE: 0.0598
Final avg. r2:  0.7514444571445473
Final avg. MSE: 0.012210289815370192
Final avg. MAE: 0.05774733913891321
R2: 0.7514444571445473 +- 0.0
MAE: 0.05774733913891321 +- 0.0
