Fold: 1 	 Test r2: 0.7796 	 Test Loss: 0.0104 	 Test MAE: 0.0718
Fold: 2 	 Test r2: 0.5242 	 Test Loss: 0.0199 	 Test MAE: 0.0812
Fold: 3 	 Test r2: 0.7738 	 Test Loss: 0.0169 	 Test MAE: 0.0755
Fold: 4 	 Test r2: 0.5498 	 Test Loss: 0.0135 	 Test MAE: 0.0848
Fold: 5 	 Test r2: 0.7435 	 Test Loss: 0.0090 	 Test MAE: 0.0528
Final avg. r2:  0.6741531934571595
Final avg. MSE: 0.01394403085744907
Final avg. MAE: 0.07321844632883055
R2: 0.6741531934571595 +- 0.0
MAE: 0.07321844632883055 +- 0.0
