Fold: 1 	 Test r2: 0.6778 	 Test Loss: 0.0145 	 Test MAE: 0.0800
Fold: 2 	 Test r2: 0.9179 	 Test Loss: 0.0033 	 Test MAE: 0.0383
Fold: 3 	 Test r2: 0.7175 	 Test Loss: 0.0110 	 Test MAE: 0.0625
Fold: 4 	 Test r2: 0.5875 	 Test Loss: 0.0277 	 Test MAE: 0.1076
Fold: 5 	 Test r2: 0.8530 	 Test Loss: 0.0065 	 Test MAE: 0.0628
Final avg. r2:  0.7507104602946781
Final avg. MSE: 0.012601639051940412
Final avg. MAE: 0.07023352031488302
R2: 0.7507104602946781 +- 0.0
MAE: 0.07023352031488302 +- 0.0
