Fold: 1 	 Test r2: 0.7894 	 Test Loss: 0.0115 	 Test MAE: 0.0749
Fold: 2 	 Test r2: 0.7027 	 Test Loss: 0.0201 	 Test MAE: 0.0677
Fold: 3 	 Test r2: 0.6697 	 Test Loss: 0.0113 	 Test MAE: 0.0818
Fold: 4 	 Test r2: 0.6356 	 Test Loss: 0.0154 	 Test MAE: 0.0787
Fold: 5 	 Test r2: 0.8006 	 Test Loss: 0.0056 	 Test MAE: 0.0467
Final avg. r2:  0.7195815163059897
Final avg. MSE: 0.012769193286584416
Final avg. MAE: 0.06996508879257608
R2: 0.7195815163059897 +- 0.0
MAE: 0.06996508879257608 +- 0.0
