Fold: 1 	 Test r2: 0.8579 	 Test Loss: 0.0068 	 Test MAE: 0.0577
Fold: 2 	 Test r2: 0.5965 	 Test Loss: 0.0249 	 Test MAE: 0.0632
Fold: 3 	 Test r2: 0.9489 	 Test Loss: 0.0026 	 Test MAE: 0.0374
Fold: 4 	 Test r2: 0.6341 	 Test Loss: 0.0098 	 Test MAE: 0.0514
Fold: 5 	 Test r2: 0.7382 	 Test Loss: 0.0105 	 Test MAE: 0.0597
Final avg. r2:  0.7551075127189816
Final avg. MSE: 0.010912694273607417
Final avg. MAE: 0.05388530974979607
R2: 0.7551075127189816 +- 0.0
MAE: 0.05388530974979607 +- 0.0
