Fold: 1 	 Test r2: 0.5768 	 Test Loss: 0.0215 	 Test MAE: 0.0892
Fold: 2 	 Test r2: 0.6700 	 Test Loss: 0.0249 	 Test MAE: 0.0796
Fold: 3 	 Test r2: 0.7203 	 Test Loss: 0.0096 	 Test MAE: 0.0705
Fold: 4 	 Test r2: 0.8066 	 Test Loss: 0.0072 	 Test MAE: 0.0528
Fold: 5 	 Test r2: 0.8326 	 Test Loss: 0.0059 	 Test MAE: 0.0493
Final avg. r2:  0.7212621132341296
Final avg. MSE: 0.01382772323698422
Final avg. MAE: 0.06828240361888291
R2: 0.7212621132341296 +- 0.0
MAE: 0.06828240361888291 +- 0.0
