Fold: 1 	 Test r2: 0.2113 	 Test Loss: 0.0443 	 Test MAE: 0.1147
Fold: 2 	 Test r2: 0.7222 	 Test Loss: 0.0198 	 Test MAE: 0.0686
Fold: 3 	 Test r2: 0.8113 	 Test Loss: 0.0089 	 Test MAE: 0.0514
Fold: 4 	 Test r2: 0.6215 	 Test Loss: 0.0109 	 Test MAE: 0.0730
Fold: 5 	 Test r2: 0.8496 	 Test Loss: 0.0037 	 Test MAE: 0.0427
Final avg. r2:  0.6431690616030817
Final avg. MSE: 0.017509915762268614
Final avg. MAE: 0.07009118679771517
R2: 0.6431690616030817 +- 0.0
MAE: 0.07009118679771517 +- 0.0
