Fold: 1 	 Test r2: 0.5395 	 Test Loss: 0.0184 	 Test MAE: 0.0841
Fold: 2 	 Test r2: 0.8541 	 Test Loss: 0.0060 	 Test MAE: 0.0496
Fold: 3 	 Test r2: 0.8842 	 Test Loss: 0.0046 	 Test MAE: 0.0493
Fold: 4 	 Test r2: 0.6447 	 Test Loss: 0.0117 	 Test MAE: 0.0645
Fold: 5 	 Test r2: 0.8116 	 Test Loss: 0.0144 	 Test MAE: 0.0645
Final avg. r2:  0.7468269391546579
Final avg. MSE: 0.011030443021412432
Final avg. MAE: 0.06239475696569398
R2: 0.7468269391546579 +- 0.0
MAE: 0.06239475696569398 +- 0.0
