Fold: 1 	 Test r2: 0.7322 	 Test Loss: 0.0125 	 Test MAE: 0.0790
Fold: 2 	 Test r2: 0.7692 	 Test Loss: 0.0158 	 Test MAE: 0.0655
Fold: 3 	 Test r2: 0.7019 	 Test Loss: 0.0102 	 Test MAE: 0.0689
Fold: 4 	 Test r2: 0.7698 	 Test Loss: 0.0103 	 Test MAE: 0.0699
Fold: 5 	 Test r2: 0.5606 	 Test Loss: 0.0168 	 Test MAE: 0.0895
Final avg. r2:  0.7067348260506389
Final avg. MSE: 0.013131076225377231
Final avg. MAE: 0.07456707096449575
R2: 0.7067348260506389 +- 0.0
MAE: 0.07456707096449575 +- 0.0
