Fold: 1 	 Test r2: 0.8580 	 Test Loss: 0.0052 	 Test MAE: 0.0517
Fold: 2 	 Test r2: 0.7792 	 Test Loss: 0.0068 	 Test MAE: 0.0516
Fold: 3 	 Test r2: 0.7583 	 Test Loss: 0.0126 	 Test MAE: 0.0606
Fold: 4 	 Test r2: 0.7610 	 Test Loss: 0.0159 	 Test MAE: 0.0703
Fold: 5 	 Test r2: 0.9152 	 Test Loss: 0.0042 	 Test MAE: 0.0437
Final avg. r2:  0.8143112730722721
Final avg. MSE: 0.008935215090547826
Final avg. MAE: 0.05559411323154155
R2: 0.8143112730722721 +- 0.0
MAE: 0.05559411323154155 +- 0.0
