Fold: 1 	 Test r2: 0.7869 	 Test Loss: 0.0083 	 Test MAE: 0.0615
Fold: 2 	 Test r2: 0.8240 	 Test Loss: 0.0087 	 Test MAE: 0.0661
Fold: 3 	 Test r2: 0.7738 	 Test Loss: 0.0095 	 Test MAE: 0.0656
Fold: 4 	 Test r2: 0.6326 	 Test Loss: 0.0265 	 Test MAE: 0.0821
Fold: 5 	 Test r2: 0.1552 	 Test Loss: 0.0249 	 Test MAE: 0.0916
Final avg. r2:  0.6344886415201925
Final avg. MSE: 0.015576818935715725
Final avg. MAE: 0.07337841959733542
R2: 0.6344886415201925 +- 0.0
MAE: 0.07337841959733542 +- 0.0
