Fold: 1 	 Test r2: 0.8353 	 Test Loss: 0.0089 	 Test MAE: 0.0545
Fold: 2 	 Test r2: 0.9031 	 Test Loss: 0.0038 	 Test MAE: 0.0449
Fold: 3 	 Test r2: 0.6938 	 Test Loss: 0.0091 	 Test MAE: 0.0573
Fold: 4 	 Test r2: 0.7882 	 Test Loss: 0.0154 	 Test MAE: 0.0600
Fold: 5 	 Test r2: 0.8503 	 Test Loss: 0.0059 	 Test MAE: 0.0539
Final avg. r2:  0.8141311167359053
Final avg. MSE: 0.008639662968142331
Final avg. MAE: 0.05411136692047728
R2: 0.8141311167359053 +- 0.0
MAE: 0.05411136692047728 +- 0.0
