Fold: 1 	 Test r2: 0.8617 	 Test Loss: 0.0044 	 Test MAE: 0.0457
Fold: 2 	 Test r2: 0.8600 	 Test Loss: 0.0055 	 Test MAE: 0.0548
Fold: 3 	 Test r2: 0.5252 	 Test Loss: 0.0293 	 Test MAE: 0.0887
Fold: 4 	 Test r2: 0.9016 	 Test Loss: 0.0053 	 Test MAE: 0.0511
Fold: 5 	 Test r2: 0.7743 	 Test Loss: 0.0103 	 Test MAE: 0.0597
Final avg. r2:  0.7845832380813917
Final avg. MSE: 0.010951507759619696
Final avg. MAE: 0.059971874745144524
R2: 0.7845832380813917 +- 0.0
MAE: 0.059971874745144524 +- 0.0
