Fold: 1 	 Test r2: 0.8901 	 Test Loss: 0.0049 	 Test MAE: 0.0478
Fold: 2 	 Test r2: 0.8105 	 Test Loss: 0.0077 	 Test MAE: 0.0592
Fold: 3 	 Test r2: 0.6788 	 Test Loss: 0.0170 	 Test MAE: 0.0734
Fold: 4 	 Test r2: 0.7379 	 Test Loss: 0.0150 	 Test MAE: 0.0488
Fold: 5 	 Test r2: 0.9127 	 Test Loss: 0.0031 	 Test MAE: 0.0409
Final avg. r2:  0.8059879861052683
Final avg. MSE: 0.009522425459460658
Final avg. MAE: 0.05403659761040693
R2: 0.8059879861052683 +- 0.0
MAE: 0.05403659761040693 +- 0.0
