Fold: 1 	 Test r2: 0.8092 	 Test Loss: 0.0095 	 Test MAE: 0.0537
Fold: 2 	 Test r2: 0.7130 	 Test Loss: 0.0096 	 Test MAE: 0.0483
Fold: 3 	 Test r2: 0.7619 	 Test Loss: 0.0143 	 Test MAE: 0.0541
Fold: 4 	 Test r2: 0.7841 	 Test Loss: 0.0094 	 Test MAE: 0.0623
Fold: 5 	 Test r2: 0.9467 	 Test Loss: 0.0025 	 Test MAE: 0.0348
Final avg. r2:  0.8029700626467186
Final avg. MSE: 0.009045986133819305
Final avg. MAE: 0.05064029780020114
R2: 0.8029700626467186 +- 0.0
MAE: 0.05064029780020114 +- 0.0
