Fold: 1 	 Test r2: 0.9058 	 Test Loss: 0.0047 	 Test MAE: 0.0502
Fold: 2 	 Test r2: 0.7799 	 Test Loss: 0.0108 	 Test MAE: 0.0660
Fold: 3 	 Test r2: 0.8512 	 Test Loss: 0.0050 	 Test MAE: 0.0516
Fold: 4 	 Test r2: 0.7524 	 Test Loss: 0.0106 	 Test MAE: 0.0558
Fold: 5 	 Test r2: 0.7699 	 Test Loss: 0.0137 	 Test MAE: 0.0647
Final avg. r2:  0.8118557761156066
Final avg. MSE: 0.008948294370248789
Final avg. MAE: 0.05765607123244173
R2: 0.8118557761156066 +- 0.0
MAE: 0.05765607123244173 +- 0.0
