Fold: 1 	 Test r2: 0.8882 	 Test Loss: 0.0034 	 Test MAE: 0.0410
Fold: 2 	 Test r2: 0.8851 	 Test Loss: 0.0058 	 Test MAE: 0.0508
Fold: 3 	 Test r2: 0.9413 	 Test Loss: 0.0022 	 Test MAE: 0.0307
Fold: 4 	 Test r2: 0.5340 	 Test Loss: 0.0144 	 Test MAE: 0.0641
Fold: 5 	 Test r2: 0.7339 	 Test Loss: 0.0213 	 Test MAE: 0.0794
Final avg. r2:  0.7965145314157815
Final avg. MSE: 0.009420713935727446
Final avg. MAE: 0.05320305838217946
R2: 0.7965145314157815 +- 0.0
MAE: 0.05320305838217946 +- 0.0
