Fold: 1 	 Test r2: 0.8016 	 Test Loss: 0.0071 	 Test MAE: 0.0529
Fold: 2 	 Test r2: 0.6522 	 Test Loss: 0.0234 	 Test MAE: 0.0756
Fold: 3 	 Test r2: 0.7029 	 Test Loss: 0.0122 	 Test MAE: 0.0723
Fold: 4 	 Test r2: 0.8251 	 Test Loss: 0.0081 	 Test MAE: 0.0590
Fold: 5 	 Test r2: 0.6594 	 Test Loss: 0.0151 	 Test MAE: 0.0861
Final avg. r2:  0.7282391859245677
Final avg. MSE: 0.013183190846927536
Final avg. MAE: 0.06916888151507901
R2: 0.7282391859245677 +- 0.0
MAE: 0.06916888151507901 +- 0.0
