Fold: 1 	 Test r2: 0.6584 	 Test Loss: 0.0139 	 Test MAE: 0.0740
Fold: 2 	 Test r2: 0.8638 	 Test Loss: 0.0050 	 Test MAE: 0.0513
Fold: 3 	 Test r2: 0.7280 	 Test Loss: 0.0208 	 Test MAE: 0.0652
Fold: 4 	 Test r2: 0.8022 	 Test Loss: 0.0070 	 Test MAE: 0.0610
Fold: 5 	 Test r2: 0.7546 	 Test Loss: 0.0108 	 Test MAE: 0.0581
Final avg. r2:  0.761384550709739
Final avg. MSE: 0.011476916481203869
Final avg. MAE: 0.06190782431893203
R2: 0.761384550709739 +- 0.0
MAE: 0.06190782431893203 +- 0.0
