Fold: 1 	 Test r2: 0.6657 	 Test Loss: 0.0166 	 Test MAE: 0.0840
Fold: 2 	 Test r2: 0.7114 	 Test Loss: 0.0234 	 Test MAE: 0.0624
Fold: 3 	 Test r2: 0.8036 	 Test Loss: 0.0087 	 Test MAE: 0.0624
Fold: 4 	 Test r2: 0.4142 	 Test Loss: 0.0189 	 Test MAE: 0.0903
Fold: 5 	 Test r2: 0.6381 	 Test Loss: 0.0091 	 Test MAE: 0.0725
Final avg. r2:  0.6466074778101213
Final avg. MSE: 0.015360707546517713
Final avg. MAE: 0.07433535734153524
R2: 0.6466074778101213 +- 0.0
MAE: 0.07433535734153524 +- 0.0
