Fold: 1 	 Test r2: 0.5547 	 Test Loss: 0.0174 	 Test MAE: 0.0861
Fold: 2 	 Test r2: 0.7238 	 Test Loss: 0.0142 	 Test MAE: 0.0706
Fold: 3 	 Test r2: 0.8301 	 Test Loss: 0.0068 	 Test MAE: 0.0588
Fold: 4 	 Test r2: 0.8027 	 Test Loss: 0.0082 	 Test MAE: 0.0653
Fold: 5 	 Test r2: 0.6058 	 Test Loss: 0.0253 	 Test MAE: 0.0744
Final avg. r2:  0.7034232684850418
Final avg. MSE: 0.014365827849428029
Final avg. MAE: 0.07103608558461273
R2: 0.7034232684850418 +- 0.0
MAE: 0.07103608558461273 +- 0.0
