Fold: 1 	 Test r2: 0.9056 	 Test Loss: 0.0033 	 Test MAE: 0.0387
Fold: 2 	 Test r2: 0.7654 	 Test Loss: 0.0075 	 Test MAE: 0.0518
Fold: 3 	 Test r2: 0.5758 	 Test Loss: 0.0252 	 Test MAE: 0.0711
Fold: 4 	 Test r2: 0.7952 	 Test Loss: 0.0130 	 Test MAE: 0.0695
Fold: 5 	 Test r2: 0.8381 	 Test Loss: 0.0066 	 Test MAE: 0.0500
Final avg. r2:  0.7760113786049179
Final avg. MSE: 0.011119034206925798
Final avg. MAE: 0.05622578962091483
R2: 0.7760113786049179 +- 0.0
MAE: 0.05622578962091483 +- 0.0
