Fold: 1 	 Test r2: 0.8926 	 Test Loss: 0.0040 	 Test MAE: 0.0395
Fold: 2 	 Test r2: 0.6770 	 Test Loss: 0.0252 	 Test MAE: 0.0604
Fold: 3 	 Test r2: 0.8490 	 Test Loss: 0.0092 	 Test MAE: 0.0648
Fold: 4 	 Test r2: 0.7857 	 Test Loss: 0.0063 	 Test MAE: 0.0495
Fold: 5 	 Test r2: 0.8292 	 Test Loss: 0.0048 	 Test MAE: 0.0569
Final avg. r2:  0.8067032843611361
Final avg. MSE: 0.0099074185385459
Final avg. MAE: 0.05421190907431095
R2: 0.8067032843611361 +- 0.0
MAE: 0.05421190907431095 +- 0.0
