Fold: 1 	 Test r2: 0.7666 	 Test Loss: 0.0124 	 Test MAE: 0.0513
Fold: 2 	 Test r2: 0.6506 	 Test Loss: 0.0208 	 Test MAE: 0.0562
Fold: 3 	 Test r2: 0.6879 	 Test Loss: 0.0144 	 Test MAE: 0.0641
Fold: 4 	 Test r2: 0.8761 	 Test Loss: 0.0046 	 Test MAE: 0.0488
Fold: 5 	 Test r2: 0.8392 	 Test Loss: 0.0061 	 Test MAE: 0.0549
Final avg. r2:  0.7640862204646066
Final avg. MSE: 0.011647774818002672
Final avg. MAE: 0.055074663912611344
R2: 0.7640862204646066 +- 0.0
MAE: 0.055074663912611344 +- 0.0
