Fold: 1 	 Test r2: 0.8023 	 Test Loss: 0.0079 	 Test MAE: 0.0571
Fold: 2 	 Test r2: 0.7784 	 Test Loss: 0.0154 	 Test MAE: 0.0580
Fold: 3 	 Test r2: 0.6786 	 Test Loss: 0.0146 	 Test MAE: 0.0634
Fold: 4 	 Test r2: 0.8818 	 Test Loss: 0.0057 	 Test MAE: 0.0528
Fold: 5 	 Test r2: 0.8969 	 Test Loss: 0.0032 	 Test MAE: 0.0405
Final avg. r2:  0.8075930410236619
Final avg. MSE: 0.009365848800406635
Final avg. MAE: 0.054367967650015545
R2: 0.8075930410236619 +- 0.0
MAE: 0.054367967650015545 +- 0.0
