Fold: 1 	 Test r2: 0.6899 	 Test Loss: 0.0104 	 Test MAE: 0.0538
Fold: 2 	 Test r2: 0.7964 	 Test Loss: 0.0069 	 Test MAE: 0.0515
Fold: 3 	 Test r2: 0.9175 	 Test Loss: 0.0045 	 Test MAE: 0.0451
Fold: 4 	 Test r2: 0.8112 	 Test Loss: 0.0078 	 Test MAE: 0.0651
Fold: 5 	 Test r2: 0.6952 	 Test Loss: 0.0213 	 Test MAE: 0.0619
Final avg. r2:  0.7820217847340276
Final avg. MSE: 0.010174439937129926
Final avg. MAE: 0.055468288380145815
R2: 0.7820217847340276 +- 0.0
MAE: 0.055468288380145815 +- 0.0
