Fold: 1 	 Test r2: 0.8821 	 Test Loss: 0.0056 	 Test MAE: 0.0453
Fold: 2 	 Test r2: 0.8642 	 Test Loss: 0.0068 	 Test MAE: 0.0569
Fold: 3 	 Test r2: 0.6396 	 Test Loss: 0.0118 	 Test MAE: 0.0609
Fold: 4 	 Test r2: 0.6554 	 Test Loss: 0.0223 	 Test MAE: 0.0646
Fold: 5 	 Test r2: 0.8762 	 Test Loss: 0.0046 	 Test MAE: 0.0447
Final avg. r2:  0.7835173854247639
Final avg. MSE: 0.01024540766614992
Final avg. MAE: 0.05446766507716812
R2: 0.7835173854247639 +- 0.0
MAE: 0.05446766507716812 +- 0.0
