Fold: 1 	 Test r2: 0.7592 	 Test Loss: 0.0115 	 Test MAE: 0.0710
Fold: 2 	 Test r2: 0.6940 	 Test Loss: 0.0123 	 Test MAE: 0.0681
Fold: 3 	 Test r2: 0.7491 	 Test Loss: 0.0077 	 Test MAE: 0.0640
Fold: 4 	 Test r2: 0.6876 	 Test Loss: 0.0222 	 Test MAE: 0.0870
Fold: 5 	 Test r2: 0.8451 	 Test Loss: 0.0072 	 Test MAE: 0.0575
Final avg. r2:  0.7469929702183881
Final avg. MSE: 0.012171565584241963
Final avg. MAE: 0.06950596204394995
R2: 0.7469929702183881 +- 0.0
MAE: 0.06950596204394995 +- 0.0
