Fold: 1 	 Test r2: 0.8296 	 Test Loss: 0.0077 	 Test MAE: 0.0582
Fold: 2 	 Test r2: 0.5668 	 Test Loss: 0.0183 	 Test MAE: 0.0914
Fold: 3 	 Test r2: 0.6868 	 Test Loss: 0.0147 	 Test MAE: 0.0766
Fold: 4 	 Test r2: 0.8130 	 Test Loss: 0.0077 	 Test MAE: 0.0554
Fold: 5 	 Test r2: 0.6476 	 Test Loss: 0.0211 	 Test MAE: 0.0613
Final avg. r2:  0.7087590829482622
Final avg. MSE: 0.013892849632210963
Final avg. MAE: 0.06859787912646524
R2: 0.7087590829482622 +- 0.0
MAE: 0.06859787912646524 +- 0.0
