Fold: 1 	 Test r2: 0.6099 	 Test Loss: 0.0098 	 Test MAE: 0.0774
Fold: 2 	 Test r2: 0.8403 	 Test Loss: 0.0047 	 Test MAE: 0.0493
Fold: 3 	 Test r2: 0.8356 	 Test Loss: 0.0083 	 Test MAE: 0.0565
Fold: 4 	 Test r2: 0.5931 	 Test Loss: 0.0355 	 Test MAE: 0.0911
Fold: 5 	 Test r2: 0.5430 	 Test Loss: 0.0163 	 Test MAE: 0.0730
Final avg. r2:  0.6843855933105676
Final avg. MSE: 0.014929968118773415
Final avg. MAE: 0.06947153237629303
R2: 0.6843855933105676 +- 0.0
MAE: 0.06947153237629303 +- 0.0
