Fold: 1 	 Test r2: 0.6895 	 Test Loss: 0.0182 	 Test MAE: 0.0665
Fold: 2 	 Test r2: 0.7224 	 Test Loss: 0.0126 	 Test MAE: 0.0792
Fold: 3 	 Test r2: 0.5078 	 Test Loss: 0.0195 	 Test MAE: 0.0950
Fold: 4 	 Test r2: 0.7560 	 Test Loss: 0.0117 	 Test MAE: 0.0782
Fold: 5 	 Test r2: 0.7681 	 Test Loss: 0.0099 	 Test MAE: 0.0693
Final avg. r2:  0.6887569171908537
Final avg. MSE: 0.014384827009683738
Final avg. MAE: 0.07763302445627089
R2: 0.6887569171908537 +- 0.0
MAE: 0.07763302445627089 +- 0.0
