Fold: 1 	 Test r2: 0.7446 	 Test Loss: 0.0120 	 Test MAE: 0.0707
Fold: 2 	 Test r2: 0.8273 	 Test Loss: 0.0080 	 Test MAE: 0.0624
Fold: 3 	 Test r2: 0.4781 	 Test Loss: 0.0141 	 Test MAE: 0.0910
Fold: 4 	 Test r2: 0.6468 	 Test Loss: 0.0277 	 Test MAE: 0.0900
Fold: 5 	 Test r2: 0.4921 	 Test Loss: 0.0173 	 Test MAE: 0.0743
Final avg. r2:  0.6377916029625416
Final avg. MSE: 0.0158054699698927
Final avg. MAE: 0.07768409848213195
R2: 0.6377916029625416 +- 0.0
MAE: 0.07768409848213195 +- 0.0
