Fold: 1 	 Test r2: 0.7227 	 Test Loss: 0.0241 	 Test MAE: 0.0706
Fold: 2 	 Test r2: 0.7893 	 Test Loss: 0.0066 	 Test MAE: 0.0486
Fold: 3 	 Test r2: 0.7876 	 Test Loss: 0.0093 	 Test MAE: 0.0593
Fold: 4 	 Test r2: 0.5708 	 Test Loss: 0.0136 	 Test MAE: 0.0768
Fold: 5 	 Test r2: 0.7241 	 Test Loss: 0.0109 	 Test MAE: 0.0717
Final avg. r2:  0.7189066320553275
Final avg. MSE: 0.012915830089687988
Final avg. MAE: 0.06539211780732485
R2: 0.7189066320553275 +- 0.0
MAE: 0.06539211780732485 +- 0.0
