Fold: 1 	 Test r2: 0.7991 	 Test Loss: 0.0053 	 Test MAE: 0.0505
Fold: 2 	 Test r2: 0.8609 	 Test Loss: 0.0047 	 Test MAE: 0.0560
Fold: 3 	 Test r2: 0.8480 	 Test Loss: 0.0076 	 Test MAE: 0.0579
Fold: 4 	 Test r2: 0.7749 	 Test Loss: 0.0119 	 Test MAE: 0.0776
Fold: 5 	 Test r2: 0.6050 	 Test Loss: 0.0271 	 Test MAE: 0.0829
Final avg. r2:  0.7775957117698509
Final avg. MSE: 0.011337781795137239
Final avg. MAE: 0.06497039656553949
R2: 0.7775957117698509 +- 0.0
MAE: 0.06497039656553949 +- 0.0
