Fold: 1 	 Test r2: 0.7205 	 Test Loss: 0.0113 	 Test MAE: 0.0707
Fold: 2 	 Test r2: 0.6795 	 Test Loss: 0.0119 	 Test MAE: 0.0718
Fold: 3 	 Test r2: 0.5927 	 Test Loss: 0.0329 	 Test MAE: 0.0820
Fold: 4 	 Test r2: 0.8312 	 Test Loss: 0.0070 	 Test MAE: 0.0497
Fold: 5 	 Test r2: 0.8126 	 Test Loss: 0.0061 	 Test MAE: 0.0537
Final avg. r2:  0.7273144310952981
Final avg. MSE: 0.013845877196383406
Final avg. MAE: 0.06558745177779472
R2: 0.7273144310952981 +- 0.0
MAE: 0.06558745177779472 +- 0.0
