Fold: 1 	 Test r2: 0.7461 	 Test Loss: 0.0119 	 Test MAE: 0.0664
Fold: 2 	 Test r2: 0.5462 	 Test Loss: 0.0209 	 Test MAE: 0.0780
Fold: 3 	 Test r2: 0.9004 	 Test Loss: 0.0041 	 Test MAE: 0.0461
Fold: 4 	 Test r2: 0.8139 	 Test Loss: 0.0067 	 Test MAE: 0.0521
Fold: 5 	 Test r2: 0.7020 	 Test Loss: 0.0195 	 Test MAE: 0.0855
Final avg. r2:  0.7417087070349379
Final avg. MSE: 0.01263168616706497
Final avg. MAE: 0.06562847578011097
R2: 0.7417087070349379 +- 0.0
MAE: 0.06562847578011097 +- 0.0
