Fold: 1 	 Test r2: 0.7337 	 Test Loss: 0.0082 	 Test MAE: 0.0588
Fold: 2 	 Test r2: 0.7802 	 Test Loss: 0.0107 	 Test MAE: 0.0530
Fold: 3 	 Test r2: 0.8491 	 Test Loss: 0.0050 	 Test MAE: 0.0454
Fold: 4 	 Test r2: 0.8396 	 Test Loss: 0.0072 	 Test MAE: 0.0590
Fold: 5 	 Test r2: 0.7491 	 Test Loss: 0.0197 	 Test MAE: 0.0686
Final avg. r2:  0.7903378717521476
Final avg. MSE: 0.010153141227720987
Final avg. MAE: 0.056979596114964504
R2: 0.7903378717521476 +- 0.0
MAE: 0.056979596114964504 +- 0.0
