Fold: 1 	 Test r2: 0.7635 	 Test Loss: 0.0103 	 Test MAE: 0.0682
Fold: 2 	 Test r2: 0.6698 	 Test Loss: 0.0219 	 Test MAE: 0.0718
Fold: 3 	 Test r2: 0.7743 	 Test Loss: 0.0081 	 Test MAE: 0.0557
Fold: 4 	 Test r2: 0.7162 	 Test Loss: 0.0152 	 Test MAE: 0.0831
Fold: 5 	 Test r2: 0.8458 	 Test Loss: 0.0053 	 Test MAE: 0.0503
Final avg. r2:  0.7539085640787316
Final avg. MSE: 0.012145903045558414
Final avg. MAE: 0.06582317489142321
R2: 0.7539085640787316 +- 0.0
MAE: 0.06582317489142321 +- 0.0
