Fold: 1 	 Test r2: 0.6789 	 Test Loss: 0.0149 	 Test MAE: 0.0856
Fold: 2 	 Test r2: 0.7644 	 Test Loss: 0.0069 	 Test MAE: 0.0584
Fold: 3 	 Test r2: 0.6709 	 Test Loss: 0.0097 	 Test MAE: 0.0672
Fold: 4 	 Test r2: 0.6431 	 Test Loss: 0.0278 	 Test MAE: 0.0654
Fold: 5 	 Test r2: 0.6036 	 Test Loss: 0.0203 	 Test MAE: 0.0967
Final avg. r2:  0.6722090494628403
Final avg. MSE: 0.015939261838428802
Final avg. MAE: 0.07462552217576576
R2: 0.6722090494628403 +- 0.0
MAE: 0.07462552217576576 +- 0.0
