Fold: 1 	 Test r2: 0.8925 	 Test Loss: 0.0040 	 Test MAE: 0.0408
Fold: 2 	 Test r2: 0.6133 	 Test Loss: 0.0127 	 Test MAE: 0.0651
Fold: 3 	 Test r2: 0.7951 	 Test Loss: 0.0086 	 Test MAE: 0.0627
Fold: 4 	 Test r2: 0.7701 	 Test Loss: 0.0125 	 Test MAE: 0.0705
Fold: 5 	 Test r2: 0.7034 	 Test Loss: 0.0201 	 Test MAE: 0.0689
Final avg. r2:  0.7548770735467784
Final avg. MSE: 0.011561851649391898
Final avg. MAE: 0.061613551163602454
R2: 0.7548770735467784 +- 0.0
MAE: 0.061613551163602454 +- 0.0
