Fold: 1 	 Test r2: 0.7294 	 Test Loss: 0.0107 	 Test MAE: 0.0667
Fold: 2 	 Test r2: 0.6144 	 Test Loss: 0.0132 	 Test MAE: 0.0752
Fold: 3 	 Test r2: 0.8462 	 Test Loss: 0.0102 	 Test MAE: 0.0683
Fold: 4 	 Test r2: 0.7094 	 Test Loss: 0.0172 	 Test MAE: 0.0606
Fold: 5 	 Test r2: 0.4300 	 Test Loss: 0.0197 	 Test MAE: 0.0773
Final avg. r2:  0.6658838613488662
Final avg. MSE: 0.014196137082667034
Final avg. MAE: 0.0696213866260891
R2: 0.6658838613488662 +- 0.0
MAE: 0.0696213866260891 +- 0.0
