Fold: 1 	 Test r2: 0.6657 	 Test Loss: 0.0217 	 Test MAE: 0.0785
Fold: 2 	 Test r2: 0.8285 	 Test Loss: 0.0084 	 Test MAE: 0.0579
Fold: 3 	 Test r2: 0.8193 	 Test Loss: 0.0072 	 Test MAE: 0.0633
Fold: 4 	 Test r2: 0.6838 	 Test Loss: 0.0136 	 Test MAE: 0.0771
Fold: 5 	 Test r2: 0.7251 	 Test Loss: 0.0101 	 Test MAE: 0.0608
Final avg. r2:  0.744477074160508
Final avg. MSE: 0.012195577678989971
Final avg. MAE: 0.06751685535319808
R2: 0.744477074160508 +- 0.0
MAE: 0.06751685535319808 +- 0.0
