Fold: 1 	 Test r2: 0.6676 	 Test Loss: 0.0236 	 Test MAE: 0.0692
Fold: 2 	 Test r2: 0.8476 	 Test Loss: 0.0078 	 Test MAE: 0.0439
Fold: 3 	 Test r2: 0.8520 	 Test Loss: 0.0055 	 Test MAE: 0.0505
Fold: 4 	 Test r2: 0.9146 	 Test Loss: 0.0037 	 Test MAE: 0.0437
Fold: 5 	 Test r2: 0.8246 	 Test Loss: 0.0054 	 Test MAE: 0.0497
Final avg. r2:  0.8212859463158846
Final avg. MSE: 0.009198930641320525
Final avg. MAE: 0.051403730169420125
R2: 0.8212859463158846 +- 0.0
MAE: 0.051403730169420125 +- 0.0
