Fold: 1 	 Test r2: 0.8354 	 Test Loss: 0.0053 	 Test MAE: 0.0490
Fold: 2 	 Test r2: 0.6685 	 Test Loss: 0.0189 	 Test MAE: 0.0843
Fold: 3 	 Test r2: 0.8062 	 Test Loss: 0.0057 	 Test MAE: 0.0491
Fold: 4 	 Test r2: 0.7573 	 Test Loss: 0.0164 	 Test MAE: 0.0564
Fold: 5 	 Test r2: 0.8582 	 Test Loss: 0.0057 	 Test MAE: 0.0508
Final avg. r2:  0.7851144990602039
Final avg. MSE: 0.010403662879734278
Final avg. MAE: 0.05793618990273094
R2: 0.7851144990602039 +- 0.0
MAE: 0.05793618990273094 +- 0.0
