Fold: 1 	 Test r2: 0.7613 	 Test Loss: 0.0104 	 Test MAE: 0.0714
Fold: 2 	 Test r2: 0.6260 	 Test Loss: 0.0285 	 Test MAE: 0.0817
Fold: 3 	 Test r2: 0.8276 	 Test Loss: 0.0070 	 Test MAE: 0.0579
Fold: 4 	 Test r2: 0.7138 	 Test Loss: 0.0121 	 Test MAE: 0.0659
Fold: 5 	 Test r2: 0.8451 	 Test Loss: 0.0046 	 Test MAE: 0.0451
Final avg. r2:  0.754760749378782
Final avg. MSE: 0.012517337101129811
Final avg. MAE: 0.0644138680264151
R2: 0.754760749378782 +- 0.0
MAE: 0.0644138680264151 +- 0.0
