Fold: 1 	 Test r2: 0.6982 	 Test Loss: 0.0202 	 Test MAE: 0.0698
Fold: 2 	 Test r2: 0.7834 	 Test Loss: 0.0069 	 Test MAE: 0.0594
Fold: 3 	 Test r2: 0.5731 	 Test Loss: 0.0197 	 Test MAE: 0.0878
Fold: 4 	 Test r2: 0.8573 	 Test Loss: 0.0065 	 Test MAE: 0.0574
Fold: 5 	 Test r2: 0.7212 	 Test Loss: 0.0114 	 Test MAE: 0.0652
Final avg. r2:  0.7266394691912907
Final avg. MSE: 0.012927666942491155
Final avg. MAE: 0.06791572037222637
R2: 0.7266394691912907 +- 0.0
MAE: 0.06791572037222637 +- 0.0
