Fold: 1 	 Test r2: 0.9223 	 Test Loss: 0.0026 	 Test MAE: 0.0367
Fold: 2 	 Test r2: 0.8069 	 Test Loss: 0.0085 	 Test MAE: 0.0570
Fold: 3 	 Test r2: 0.7549 	 Test Loss: 0.0156 	 Test MAE: 0.0692
Fold: 4 	 Test r2: 0.7452 	 Test Loss: 0.0126 	 Test MAE: 0.0620
Fold: 5 	 Test r2: 0.7203 	 Test Loss: 0.0113 	 Test MAE: 0.0583
Final avg. r2:  0.7899303493573437
Final avg. MSE: 0.010122609534966135
Final avg. MAE: 0.05664012916766259
R2: 0.7899303493573437 +- 0.0
MAE: 0.05664012916766259 +- 0.0
