Fold: 1 	 Test r2: 0.5292 	 Test Loss: 0.0252 	 Test MAE: 0.0963
Fold: 2 	 Test r2: 0.6855 	 Test Loss: 0.0140 	 Test MAE: 0.0796
Fold: 3 	 Test r2: 0.8057 	 Test Loss: 0.0057 	 Test MAE: 0.0574
Fold: 4 	 Test r2: 0.5991 	 Test Loss: 0.0208 	 Test MAE: 0.0890
Fold: 5 	 Test r2: 0.8834 	 Test Loss: 0.0065 	 Test MAE: 0.0513
Final avg. r2:  0.7005820984979984
Final avg. MSE: 0.014433400332376483
Final avg. MAE: 0.07471218400565136
R2: 0.7005820984979984 +- 0.0
MAE: 0.07471218400565136 +- 0.0
