Fold: 1 	 Test r2: 0.7049 	 Test Loss: 0.0132 	 Test MAE: 0.0789
Fold: 2 	 Test r2: 0.6968 	 Test Loss: 0.0095 	 Test MAE: 0.0540
Fold: 3 	 Test r2: 0.8275 	 Test Loss: 0.0046 	 Test MAE: 0.0452
Fold: 4 	 Test r2: 0.7676 	 Test Loss: 0.0102 	 Test MAE: 0.0673
Fold: 5 	 Test r2: 0.6068 	 Test Loss: 0.0335 	 Test MAE: 0.0864
Final avg. r2:  0.7207180580752197
Final avg. MSE: 0.014194413562232281
Final avg. MAE: 0.06636717170476913
R2: 0.7207180580752197 +- 0.0
MAE: 0.06636717170476913 +- 0.0
