Fold: 1 	 Test r2: 0.9348 	 Test Loss: 99.3366 	 Test MAE: 6.4032
Fold: 2 	 Test r2: 0.9151 	 Test Loss: 149.3349 	 Test MAE: 9.8466
Fold: 3 	 Test r2: 0.8557 	 Test Loss: 232.9051 	 Test MAE: 10.0338
Fold: 4 	 Test r2: 0.8874 	 Test Loss: 113.9665 	 Test MAE: 7.2905
Fold: 5 	 Test r2: 0.8475 	 Test Loss: 161.8145 	 Test MAE: 9.6382
Final avg. r2:  0.8881174263069307
Final avg. MSE: 151.4715318205043
Final avg. MAE: 8.642441971812929
R2: 0.8881174263069307 +- 0.0
MAE: 8.642441971812929 +- 0.0
