Fold: 1 	 Test r2: 0.9243 	 Test Loss: 172.0372 	 Test MAE: 8.6186
Fold: 2 	 Test r2: 0.8305 	 Test Loss: 190.9110 	 Test MAE: 9.9431
Fold: 3 	 Test r2: 0.9168 	 Test Loss: 79.3249 	 Test MAE: 7.2029
Fold: 4 	 Test r2: 0.8936 	 Test Loss: 158.8055 	 Test MAE: 8.1761
Fold: 5 	 Test r2: 0.9191 	 Test Loss: 90.5690 	 Test MAE: 6.6179
Final avg. r2:  0.8968655340611379
Final avg. MSE: 138.32953646880168
Final avg. MAE: 8.111717590831576
R2: 0.8968655340611379 +- 0.0
MAE: 8.111717590831576 +- 0.0
