Fold: 1 	 Test r2: 0.8638 	 Test Loss: 151.1522 	 Test MAE: 8.9628
Fold: 2 	 Test r2: 0.9395 	 Test Loss: 113.2238 	 Test MAE: 7.7156
Fold: 3 	 Test r2: 0.9304 	 Test Loss: 78.1565 	 Test MAE: 6.3709
Fold: 4 	 Test r2: 0.8779 	 Test Loss: 187.7625 	 Test MAE: 9.6134
Fold: 5 	 Test r2: 0.8496 	 Test Loss: 180.2522 	 Test MAE: 8.9916
Final avg. r2:  0.8922386724385929
Final avg. MSE: 142.10942620539404
Final avg. MAE: 8.330881361734301
R2: 0.8922386724385929 +- 0.0
MAE: 8.330881361734301 +- 0.0
