Fold: 1 	 Test r2: 0.7789 	 Test Loss: 364.6069 	 Test MAE: 11.8262
Fold: 2 	 Test r2: 0.8850 	 Test Loss: 128.3562 	 Test MAE: 8.4366
Fold: 3 	 Test r2: 0.9142 	 Test Loss: 116.8506 	 Test MAE: 8.1487
Fold: 4 	 Test r2: 0.7170 	 Test Loss: 272.8769 	 Test MAE: 9.9003
Fold: 5 	 Test r2: 0.9227 	 Test Loss: 148.1835 	 Test MAE: 8.2825
Final avg. r2:  0.8435611158178704
Final avg. MSE: 206.17481967740315
Final avg. MAE: 9.318841728142331
R2: 0.8435611158178704 +- 0.0
MAE: 9.318841728142331 +- 0.0
