Fold: 1 	 Test r2: 0.8459 	 Test Loss: 174.8293 	 Test MAE: 9.0382
Fold: 2 	 Test r2: 0.8434 	 Test Loss: 279.3522 	 Test MAE: 10.3371
Fold: 3 	 Test r2: 0.9444 	 Test Loss: 91.0706 	 Test MAE: 6.5892
Fold: 4 	 Test r2: 0.8994 	 Test Loss: 114.4995 	 Test MAE: 8.3623
Fold: 5 	 Test r2: 0.8733 	 Test Loss: 167.2761 	 Test MAE: 10.3663
Final avg. r2:  0.8812832685037373
Final avg. MSE: 165.40551664281384
Final avg. MAE: 8.938602429060708
R2: 0.8812832685037373 +- 0.0
MAE: 8.938602429060708 +- 0.0
