Fold: 1 	 Test r2: 0.8778 	 Test Loss: 150.6147 	 Test MAE: 8.9579
Fold: 2 	 Test r2: 0.8752 	 Test Loss: 150.9796 	 Test MAE: 8.8021
Fold: 3 	 Test r2: 0.9448 	 Test Loss: 103.5460 	 Test MAE: 7.1806
Fold: 4 	 Test r2: 0.9127 	 Test Loss: 117.8262 	 Test MAE: 7.0021
Fold: 5 	 Test r2: 0.9197 	 Test Loss: 109.2633 	 Test MAE: 8.5281
Final avg. r2:  0.9060602195286416
Final avg. MSE: 126.44594717493389
Final avg. MAE: 8.094151292244593
R2: 0.9060602195286416 +- 0.0
MAE: 8.094151292244593 +- 0.0
