Fold: 1 	 Test r2: 0.9232 	 Test Loss: 93.8123 	 Test MAE: 7.8054
Fold: 2 	 Test r2: 0.8399 	 Test Loss: 229.0558 	 Test MAE: 10.5528
Fold: 3 	 Test r2: 0.8372 	 Test Loss: 238.2339 	 Test MAE: 10.7895
Fold: 4 	 Test r2: 0.7613 	 Test Loss: 237.1391 	 Test MAE: 11.1399
Fold: 5 	 Test r2: 0.9593 	 Test Loss: 78.7321 	 Test MAE: 6.1282
Final avg. r2:  0.8642118665170306
Final avg. MSE: 175.39464232087147
Final avg. MAE: 9.283162407080333
R2: 0.8642118665170306 +- 0.0
MAE: 9.283162407080333 +- 0.0
