Fold: 1 	 Test r2: 0.9534 	 Test Loss: 72.4743 	 Test MAE: 6.9390
Fold: 2 	 Test r2: 0.9408 	 Test Loss: 88.5209 	 Test MAE: 7.1481
Fold: 3 	 Test r2: 0.8988 	 Test Loss: 227.0509 	 Test MAE: 9.2959
Fold: 4 	 Test r2: 0.7927 	 Test Loss: 174.5086 	 Test MAE: 7.7792
Fold: 5 	 Test r2: 0.7725 	 Test Loss: 212.8061 	 Test MAE: 9.9815
Final avg. r2:  0.8716603307043636
Final avg. MSE: 155.07214760058886
Final avg. MAE: 8.228725942543575
R2: 0.8716603307043636 +- 0.0
MAE: 8.228725942543575 +- 0.0
