Fold: 1 	 Test r2: 0.9522 	 Test Loss: 88.2204 	 Test MAE: 6.4410
Fold: 2 	 Test r2: 0.9032 	 Test Loss: 144.1837 	 Test MAE: 9.4771
Fold: 3 	 Test r2: 0.8998 	 Test Loss: 142.3729 	 Test MAE: 9.5729
Fold: 4 	 Test r2: 0.9247 	 Test Loss: 102.8015 	 Test MAE: 6.7264
Fold: 5 	 Test r2: 0.8157 	 Test Loss: 169.4406 	 Test MAE: 9.7147
Final avg. r2:  0.8991006147635756
Final avg. MSE: 129.40382905199797
Final avg. MAE: 8.386405363537017
R2: 0.8991006147635756 +- 0.0
MAE: 8.386405363537017 +- 0.0
