Fold: 1 	 Test r2: 0.8246 	 Test Loss: 201.1350 	 Test MAE: 9.5142
Fold: 2 	 Test r2: 0.9372 	 Test Loss: 82.5934 	 Test MAE: 7.2193
Fold: 3 	 Test r2: 0.9036 	 Test Loss: 147.3551 	 Test MAE: 8.8115
Fold: 4 	 Test r2: 0.8964 	 Test Loss: 170.7347 	 Test MAE: 8.1155
Fold: 5 	 Test r2: 0.9134 	 Test Loss: 124.7644 	 Test MAE: 9.1326
Final avg. r2:  0.8950226390315159
Final avg. MSE: 145.31650055306835
Final avg. MAE: 8.558624578373772
R2: 0.8950226390315159 +- 0.0
MAE: 8.558624578373772 +- 0.0
