Fold: 1 	 Test r2: 0.9489 	 Test Loss: 70.2331 	 Test MAE: 6.1662
Fold: 2 	 Test r2: 0.9520 	 Test Loss: 97.8457 	 Test MAE: 7.2154
Fold: 3 	 Test r2: 0.8485 	 Test Loss: 155.1720 	 Test MAE: 9.6855
Fold: 4 	 Test r2: 0.9345 	 Test Loss: 92.1758 	 Test MAE: 6.8234
Fold: 5 	 Test r2: 0.8670 	 Test Loss: 155.1035 	 Test MAE: 9.2355
Final avg. r2:  0.9101833508854771
Final avg. MSE: 114.10604361675678
Final avg. MAE: 7.8251874070791985
R2: 0.9101833508854771 +- 0.0
MAE: 7.8251874070791985 +- 0.0
