Fold: 1 	 Test r2: 0.8988 	 Test Loss: 120.7545 	 Test MAE: 7.3857
Fold: 2 	 Test r2: 0.8987 	 Test Loss: 195.4048 	 Test MAE: 9.8020
Fold: 3 	 Test r2: 0.7374 	 Test Loss: 381.3674 	 Test MAE: 13.2038
Fold: 4 	 Test r2: 0.9051 	 Test Loss: 96.3561 	 Test MAE: 7.8002
Fold: 5 	 Test r2: 0.8960 	 Test Loss: 137.2780 	 Test MAE: 8.6041
Final avg. r2:  0.867212858008713
Final avg. MSE: 186.23216307851476
Final avg. MAE: 9.359150839135761
R2: 0.867212858008713 +- 0.0
MAE: 9.359150839135761 +- 0.0
