Fold: 1 	 Test r2: 0.9086 	 Test Loss: 193.8455 	 Test MAE: 8.9819
Fold: 2 	 Test r2: 0.8926 	 Test Loss: 167.9548 	 Test MAE: 8.2510
Fold: 3 	 Test r2: 0.8665 	 Test Loss: 149.5989 	 Test MAE: 8.5558
Fold: 4 	 Test r2: 0.8791 	 Test Loss: 162.9509 	 Test MAE: 10.0511
Fold: 5 	 Test r2: 0.7793 	 Test Loss: 203.4908 	 Test MAE: 9.3390
Final avg. r2:  0.8652303224833082
Final avg. MSE: 175.5681852370757
Final avg. MAE: 9.03574506271453
R2: 0.8652303224833082 +- 0.0
MAE: 9.03574506271453 +- 0.0
