Fold: 1 	 Test r2: 0.8662 	 Test Loss: 116.4682 	 Test MAE: 7.9263
Fold: 2 	 Test r2: 0.9421 	 Test Loss: 80.4205 	 Test MAE: 7.1520
Fold: 3 	 Test r2: 0.8944 	 Test Loss: 151.4729 	 Test MAE: 9.8960
Fold: 4 	 Test r2: 0.8240 	 Test Loss: 342.0911 	 Test MAE: 10.0035
Fold: 5 	 Test r2: 0.9164 	 Test Loss: 113.0972 	 Test MAE: 7.4332
Final avg. r2:  0.8886205676859331
Final avg. MSE: 160.70998058495684
Final avg. MAE: 8.482209013757252
R2: 0.8886205676859331 +- 0.0
MAE: 8.482209013757252 +- 0.0
