Fold: 1 	 Test r2: 0.9224 	 Test Loss: 102.3058 	 Test MAE: 7.2519
Fold: 2 	 Test r2: 0.9101 	 Test Loss: 112.6233 	 Test MAE: 7.9640
Fold: 3 	 Test r2: 0.8249 	 Test Loss: 169.5917 	 Test MAE: 10.2104
Fold: 4 	 Test r2: 0.8867 	 Test Loss: 296.6186 	 Test MAE: 10.9969
Fold: 5 	 Test r2: 0.9245 	 Test Loss: 70.6118 	 Test MAE: 5.8595
Final avg. r2:  0.8937134943609566
Final avg. MSE: 150.3502393331416
Final avg. MAE: 8.456523390611014
R2: 0.8937134943609566 +- 0.0
MAE: 8.456523390611014 +- 0.0
