Fold: 1 	 Test r2: 0.8481 	 Test Loss: 230.7801 	 Test MAE: 7.0161
Fold: 2 	 Test r2: 0.7352 	 Test Loss: 442.2515 	 Test MAE: 13.0969
Fold: 3 	 Test r2: 0.7908 	 Test Loss: 435.4941 	 Test MAE: 14.0158
Fold: 4 	 Test r2: 0.8663 	 Test Loss: 127.8678 	 Test MAE: 8.8403
Fold: 5 	 Test r2: 0.7382 	 Test Loss: 212.6930 	 Test MAE: 10.8440
Final avg. r2:  0.795727745255759
Final avg. MSE: 289.8173001273601
Final avg. MAE: 10.762622594833374
R2: 0.795727745255759 +- 0.0
MAE: 10.762622594833374 +- 0.0
