Fold: 1 	 Test r2: 0.8436 	 Test Loss: 178.0048 	 Test MAE: 8.8231
Fold: 2 	 Test r2: 0.9382 	 Test Loss: 138.6086 	 Test MAE: 7.8521
Fold: 3 	 Test r2: 0.8925 	 Test Loss: 133.1174 	 Test MAE: 9.0289
Fold: 4 	 Test r2: 0.9145 	 Test Loss: 121.1408 	 Test MAE: 7.2536
Fold: 5 	 Test r2: 0.8525 	 Test Loss: 140.4164 	 Test MAE: 7.1352
Final avg. r2:  0.8882619943487551
Final avg. MSE: 142.2575891786471
Final avg. MAE: 8.018560869353157
R2: 0.8882619943487551 +- 0.0
MAE: 8.018560869353157 +- 0.0
