Fold: 1 	 Test r2: 0.9236 	 Test Loss: 80.6186 	 Test MAE: 6.7614
Fold: 2 	 Test r2: 0.8382 	 Test Loss: 276.1984 	 Test MAE: 11.6557
Fold: 3 	 Test r2: 0.9309 	 Test Loss: 126.6440 	 Test MAE: 9.1325
Fold: 4 	 Test r2: 0.8722 	 Test Loss: 136.1239 	 Test MAE: 8.2446
Fold: 5 	 Test r2: 0.8151 	 Test Loss: 244.6491 	 Test MAE: 10.9301
Final avg. r2:  0.8760147780232325
Final avg. MSE: 172.8467970528291
Final avg. MAE: 9.344866622061957
R2: 0.8760147780232325 +- 0.0
MAE: 9.344866622061957 +- 0.0
