Fold: 1 	 Test r2: 0.7944 	 Test Loss: 391.1680 	 Test MAE: 12.0231
Fold: 2 	 Test r2: 0.9314 	 Test Loss: 83.6086 	 Test MAE: 6.5881
Fold: 3 	 Test r2: 0.8791 	 Test Loss: 119.4030 	 Test MAE: 8.6478
Fold: 4 	 Test r2: 0.9265 	 Test Loss: 108.6101 	 Test MAE: 7.9303
Fold: 5 	 Test r2: 0.9312 	 Test Loss: 104.4612 	 Test MAE: 8.1548
Final avg. r2:  0.8925129583867746
Final avg. MSE: 161.45018277040322
Final avg. MAE: 8.668832082407814
R2: 0.8925129583867746 +- 0.0
MAE: 8.668832082407814 +- 0.0
