Fold: 1 	 Test r2: 0.8409 	 Test Loss: 287.2775 	 Test MAE: 10.4988
Fold: 2 	 Test r2: 0.8805 	 Test Loss: 187.2505 	 Test MAE: 9.7489
Fold: 3 	 Test r2: 0.9080 	 Test Loss: 94.5199 	 Test MAE: 7.2448
Fold: 4 	 Test r2: 0.9255 	 Test Loss: 92.8982 	 Test MAE: 7.0721
Fold: 5 	 Test r2: 0.9226 	 Test Loss: 102.8415 	 Test MAE: 6.8867
Final avg. r2:  0.8955052112244953
Final avg. MSE: 152.95750691375588
Final avg. MAE: 8.290286631243571
R2: 0.8955052112244953 +- 0.0
MAE: 8.290286631243571 +- 0.0
