Fold: 1 	 Test r2: 0.9240 	 Test Loss: 106.6819 	 Test MAE: 7.2921
Fold: 2 	 Test r2: 0.9189 	 Test Loss: 93.0566 	 Test MAE: 7.4974
Fold: 3 	 Test r2: 0.7844 	 Test Loss: 248.4922 	 Test MAE: 9.0929
Fold: 4 	 Test r2: 0.9241 	 Test Loss: 98.7974 	 Test MAE: 7.5151
Fold: 5 	 Test r2: 0.9290 	 Test Loss: 146.2336 	 Test MAE: 8.8748
Final avg. r2:  0.8960767511522363
Final avg. MSE: 138.65234403788017
Final avg. MAE: 8.054467496488774
R2: 0.8960767511522363 +- 0.0
MAE: 8.054467496488774 +- 0.0
