Fold: 1 	 Test r2: 0.8221 	 Test Loss: 228.3656 	 Test MAE: 12.0736
Fold: 2 	 Test r2: 0.7106 	 Test Loss: 242.2816 	 Test MAE: 11.0668
Fold: 3 	 Test r2: 0.9347 	 Test Loss: 102.3684 	 Test MAE: 7.9282
Fold: 4 	 Test r2: 0.8305 	 Test Loss: 400.2043 	 Test MAE: 11.2426
Fold: 5 	 Test r2: 0.8499 	 Test Loss: 152.7004 	 Test MAE: 8.8660
Final avg. r2:  0.8295639065956827
Final avg. MSE: 225.18406228248097
Final avg. MAE: 10.235434872195835
R2: 0.8295639065956827 +- 0.0
MAE: 10.235434872195835 +- 0.0
