Fold: 1 	 Test r2: 0.8985 	 Test Loss: 161.0633 	 Test MAE: 7.9294
Fold: 2 	 Test r2: 0.8855 	 Test Loss: 128.3675 	 Test MAE: 7.9336
Fold: 3 	 Test r2: 0.9269 	 Test Loss: 109.1482 	 Test MAE: 8.2774
Fold: 4 	 Test r2: 0.9054 	 Test Loss: 123.5144 	 Test MAE: 8.1229
Fold: 5 	 Test r2: 0.9465 	 Test Loss: 77.7283 	 Test MAE: 6.5929
Final avg. r2:  0.9125616817065978
Final avg. MSE: 119.96434713988916
Final avg. MAE: 7.771209560512078
R2: 0.9125616817065978 +- 0.0
MAE: 7.771209560512078 +- 0.0
