Fold: 1 	 Test r2: 0.8694 	 Test Loss: 190.9772 	 Test MAE: 9.2789
Fold: 2 	 Test r2: 0.9217 	 Test Loss: 146.2664 	 Test MAE: 8.4697
Fold: 3 	 Test r2: 0.8569 	 Test Loss: 154.3126 	 Test MAE: 8.4220
Fold: 4 	 Test r2: 0.8839 	 Test Loss: 133.3441 	 Test MAE: 7.3837
Fold: 5 	 Test r2: 0.9128 	 Test Loss: 126.1218 	 Test MAE: 8.3049
Final avg. r2:  0.888920520906056
Final avg. MSE: 150.20442910215766
Final avg. MAE: 8.371841779776982
R2: 0.888920520906056 +- 0.0
MAE: 8.371841779776982 +- 0.0
