Fold: 1 	 Test r2: 0.9424 	 Test Loss: 89.0484 	 Test MAE: 6.9276
Fold: 2 	 Test r2: 0.9130 	 Test Loss: 125.4585 	 Test MAE: 8.5179
Fold: 3 	 Test r2: 0.8242 	 Test Loss: 218.7695 	 Test MAE: 11.3427
Fold: 4 	 Test r2: 0.8399 	 Test Loss: 214.6655 	 Test MAE: 11.2839
Fold: 5 	 Test r2: 0.8258 	 Test Loss: 265.1434 	 Test MAE: 10.0479
Final avg. r2:  0.8690451379980774
Final avg. MSE: 182.61705909142287
Final avg. MAE: 9.623996759028662
R2: 0.8690451379980774 +- 0.0
MAE: 9.623996759028662 +- 0.0
