Fold: 1 	 Test r2: 0.8988 	 Test Loss: 117.7402 	 Test MAE: 8.4143
Fold: 2 	 Test r2: 0.8948 	 Test Loss: 187.7976 	 Test MAE: 8.6115
Fold: 3 	 Test r2: 0.8945 	 Test Loss: 143.6332 	 Test MAE: 8.9002
Fold: 4 	 Test r2: 0.8820 	 Test Loss: 167.1232 	 Test MAE: 9.1016
Fold: 5 	 Test r2: 0.8854 	 Test Loss: 151.8911 	 Test MAE: 7.8694
Final avg. r2:  0.8911006922829421
Final avg. MSE: 153.637074792371
Final avg. MAE: 8.579399367173513
R2: 0.8911006922829421 +- 0.0
MAE: 8.579399367173513 +- 0.0
