Fold: 1 	 Test r2: 0.8897 	 Test Loss: 162.5960 	 Test MAE: 9.2237
Fold: 2 	 Test r2: 0.9442 	 Test Loss: 112.7979 	 Test MAE: 7.5461
Fold: 3 	 Test r2: 0.8661 	 Test Loss: 179.7942 	 Test MAE: 9.3153
Fold: 4 	 Test r2: 0.8477 	 Test Loss: 177.9312 	 Test MAE: 10.7513
Fold: 5 	 Test r2: 0.9515 	 Test Loss: 51.0228 	 Test MAE: 5.8792
Final avg. r2:  0.8998489264700444
Final avg. MSE: 136.82840488542678
Final avg. MAE: 8.54310258995919
R2: 0.8998489264700444 +- 0.0
MAE: 8.54310258995919 +- 0.0
