Fold: 1 	 Test r2: 0.8605 	 Test Loss: 133.5337 	 Test MAE: 8.5397
Fold: 2 	 Test r2: 0.8675 	 Test Loss: 214.6670 	 Test MAE: 12.4005
Fold: 3 	 Test r2: 0.9166 	 Test Loss: 97.3913 	 Test MAE: 7.6245
Fold: 4 	 Test r2: 0.8288 	 Test Loss: 358.8001 	 Test MAE: 12.9857
Fold: 5 	 Test r2: 0.8526 	 Test Loss: 171.8021 	 Test MAE: 9.0695
Final avg. r2:  0.8652061478845227
Final avg. MSE: 195.23884638267202
Final avg. MAE: 10.123974886962346
R2: 0.8652061478845227 +- 0.0
MAE: 10.123974886962346 +- 0.0
