Fold: 1 	 Test r2: 0.9150 	 Test Loss: 101.6332 	 Test MAE: 7.6985
Fold: 2 	 Test r2: 0.8580 	 Test Loss: 254.0517 	 Test MAE: 10.0908
Fold: 3 	 Test r2: 0.9366 	 Test Loss: 118.1722 	 Test MAE: 8.1598
Fold: 4 	 Test r2: 0.8690 	 Test Loss: 150.8075 	 Test MAE: 9.2014
Fold: 5 	 Test r2: 0.9022 	 Test Loss: 104.8342 	 Test MAE: 6.4183
Final avg. r2:  0.8961621080495407
Final avg. MSE: 145.8997477860111
Final avg. MAE: 8.31375922078178
R2: 0.8961621080495407 +- 0.0
MAE: 8.31375922078178 +- 0.0
