Fold: 1 	 Test r2: 0.9174 	 Test Loss: 153.6389 	 Test MAE: 9.2392
Fold: 2 	 Test r2: 0.9384 	 Test Loss: 100.2502 	 Test MAE: 7.8044
Fold: 3 	 Test r2: 0.8418 	 Test Loss: 158.1154 	 Test MAE: 8.7078
Fold: 4 	 Test r2: 0.9066 	 Test Loss: 110.5834 	 Test MAE: 7.1758
Fold: 5 	 Test r2: 0.8890 	 Test Loss: 149.8582 	 Test MAE: 7.5633
Final avg. r2:  0.8986319335488488
Final avg. MSE: 134.48924862161002
Final avg. MAE: 8.098104320821308
R2: 0.8986319335488488 +- 0.0
MAE: 8.098104320821308 +- 0.0
