Fold: 1 	 Test r2: 0.8135 	 Test Loss: 187.7252 	 Test MAE: 9.7134
Fold: 2 	 Test r2: 0.9207 	 Test Loss: 113.8707 	 Test MAE: 6.3619
Fold: 3 	 Test r2: 0.9395 	 Test Loss: 135.8462 	 Test MAE: 8.0867
Fold: 4 	 Test r2: 0.8782 	 Test Loss: 110.5425 	 Test MAE: 7.7333
Fold: 5 	 Test r2: 0.8619 	 Test Loss: 168.7520 	 Test MAE: 9.7842
Final avg. r2:  0.8827720155575566
Final avg. MSE: 143.34731404790432
Final avg. MAE: 8.335893499283564
R2: 0.8827720155575566 +- 0.0
MAE: 8.335893499283564 +- 0.0
