Fold: 1 	 Test r2: 0.8686 	 Test Loss: 157.0388 	 Test MAE: 9.6440
Fold: 2 	 Test r2: 0.8893 	 Test Loss: 101.4739 	 Test MAE: 7.8940
Fold: 3 	 Test r2: 0.8944 	 Test Loss: 215.4693 	 Test MAE: 8.6861
Fold: 4 	 Test r2: 0.8340 	 Test Loss: 239.0665 	 Test MAE: 9.6546
Fold: 5 	 Test r2: 0.8983 	 Test Loss: 149.2895 	 Test MAE: 8.1665
Final avg. r2:  0.8769198380982329
Final avg. MSE: 172.46762235459298
Final avg. MAE: 8.809030337702659
R2: 0.8769198380982329 +- 0.0
MAE: 8.809030337702659 +- 0.0
