Fold: 1 	 Test r2: 0.8833 	 Test Loss: 141.5446 	 Test MAE: 8.4839
Fold: 2 	 Test r2: 0.9092 	 Test Loss: 148.8221 	 Test MAE: 7.7285
Fold: 3 	 Test r2: 0.8884 	 Test Loss: 206.1386 	 Test MAE: 9.9263
Fold: 4 	 Test r2: 0.8255 	 Test Loss: 172.0511 	 Test MAE: 9.5103
Fold: 5 	 Test r2: 0.8920 	 Test Loss: 135.7374 	 Test MAE: 8.3199
Final avg. r2:  0.8796635962429272
Final avg. MSE: 160.85877259883426
Final avg. MAE: 8.793806344448102
R2: 0.8796635962429272 +- 0.0
MAE: 8.793806344448102 +- 0.0
