Fold: 1 	 Test r2: 0.8099 	 Test Loss: 240.3799 	 Test MAE: 11.6514
Fold: 2 	 Test r2: 0.8118 	 Test Loss: 233.9915 	 Test MAE: 12.1851
Fold: 3 	 Test r2: 0.8710 	 Test Loss: 183.7003 	 Test MAE: 8.9410
Fold: 4 	 Test r2: 0.9158 	 Test Loss: 143.0762 	 Test MAE: 7.6786
Fold: 5 	 Test r2: 0.8847 	 Test Loss: 165.7195 	 Test MAE: 9.3674
Final avg. r2:  0.8586308431148044
Final avg. MSE: 193.3735000588856
Final avg. MAE: 9.964679069462278
R2: 0.8586308431148044 +- 0.0
MAE: 9.964679069462278 +- 0.0
