Fold: 1 	 Test r2: 0.8235 	 Test Loss: 248.2774 	 Test MAE: 10.6200
Fold: 2 	 Test r2: 0.8688 	 Test Loss: 211.9724 	 Test MAE: 10.8345
Fold: 3 	 Test r2: 0.8873 	 Test Loss: 180.5055 	 Test MAE: 10.3969
Fold: 4 	 Test r2: 0.8783 	 Test Loss: 153.2521 	 Test MAE: 8.6935
Fold: 5 	 Test r2: 0.9386 	 Test Loss: 71.7251 	 Test MAE: 6.3542
Final avg. r2:  0.8793133176585369
Final avg. MSE: 173.14650101107196
Final avg. MAE: 9.379803954419636
R2: 0.8793133176585369 +- 0.0
MAE: 9.379803954419636 +- 0.0
