Fold: 1 	 Test r2: 0.7630 	 Test Loss: 253.1705 	 Test MAE: 13.1730
Fold: 2 	 Test r2: 0.8348 	 Test Loss: 178.4624 	 Test MAE: 10.6579
Fold: 3 	 Test r2: 0.8978 	 Test Loss: 206.7291 	 Test MAE: 10.7658
Fold: 4 	 Test r2: 0.9193 	 Test Loss: 117.2636 	 Test MAE: 7.4983
Fold: 5 	 Test r2: 0.8468 	 Test Loss: 211.6485 	 Test MAE: 10.1043
Final avg. r2:  0.852347451905986
Final avg. MSE: 193.45482658839975
Final avg. MAE: 10.439848271438054
R2: 0.852347451905986 +- 0.0
MAE: 10.439848271438054 +- 0.0
