Fold: 1 	 Test r2: 0.8391 	 Test Loss: 235.5951 	 Test MAE: 10.3917
Fold: 2 	 Test r2: 0.8909 	 Test Loss: 194.3412 	 Test MAE: 9.4076
Fold: 3 	 Test r2: 0.8988 	 Test Loss: 138.7195 	 Test MAE: 9.6696
Fold: 4 	 Test r2: 0.9177 	 Test Loss: 103.9519 	 Test MAE: 7.5365
Fold: 5 	 Test r2: 0.9223 	 Test Loss: 87.2557 	 Test MAE: 6.8253
Final avg. r2:  0.8937645290875136
Final avg. MSE: 151.97268177748384
Final avg. MAE: 8.766152503376915
R2: 0.8937645290875136 +- 0.0
MAE: 8.766152503376915 +- 0.0
