Fold: 1 	 Test r2: 0.8021 	 Test Loss: 242.2427 	 Test MAE: 11.9612
Fold: 2 	 Test r2: 0.8768 	 Test Loss: 260.2033 	 Test MAE: 10.6412
Fold: 3 	 Test r2: 0.9059 	 Test Loss: 154.0400 	 Test MAE: 7.9969
Fold: 4 	 Test r2: 0.8618 	 Test Loss: 140.7495 	 Test MAE: 9.1787
Fold: 5 	 Test r2: 0.9193 	 Test Loss: 85.8296 	 Test MAE: 7.2223
Final avg. r2:  0.8731679419698439
Final avg. MSE: 176.612996594687
Final avg. MAE: 9.400051082173983
R2: 0.8731679419698439 +- 0.0
MAE: 9.400051082173983 +- 0.0
