Fold: 1 	 Test r2: 0.8840 	 Test Loss: 98.5075 	 Test MAE: 7.6028
Fold: 2 	 Test r2: 0.8903 	 Test Loss: 153.6856 	 Test MAE: 9.1732
Fold: 3 	 Test r2: 0.9054 	 Test Loss: 139.8084 	 Test MAE: 8.1334
Fold: 4 	 Test r2: 0.9357 	 Test Loss: 136.5752 	 Test MAE: 7.7102
Fold: 5 	 Test r2: 0.8236 	 Test Loss: 203.4872 	 Test MAE: 11.2588
Final avg. r2:  0.8878023178411751
Final avg. MSE: 146.41275062148404
Final avg. MAE: 8.775683971813747
R2: 0.8878023178411751 +- 0.0
MAE: 8.775683971813747 +- 0.0
