Fold: 1 	 Test r2: 0.9288 	 Test Loss: 110.4554 	 Test MAE: 7.1523
Fold: 2 	 Test r2: 0.7684 	 Test Loss: 410.8025 	 Test MAE: 11.9058
Fold: 3 	 Test r2: 0.9066 	 Test Loss: 122.0957 	 Test MAE: 8.0877
Fold: 4 	 Test r2: 0.8676 	 Test Loss: 145.3754 	 Test MAE: 8.5625
Fold: 5 	 Test r2: 0.9103 	 Test Loss: 110.2681 	 Test MAE: 7.8528
Final avg. r2:  0.8763556627031708
Final avg. MSE: 179.79942436019547
Final avg. MAE: 8.712212129079159
R2: 0.8763556627031708 +- 0.0
MAE: 8.712212129079159 +- 0.0
