Fold: 1 	 Test r2: 0.8428 	 Test Loss: 138.5598 	 Test MAE: 8.0459
Fold: 2 	 Test r2: 0.9128 	 Test Loss: 156.4705 	 Test MAE: 8.4063
Fold: 3 	 Test r2: 0.9286 	 Test Loss: 103.6771 	 Test MAE: 7.6011
Fold: 4 	 Test r2: 0.8707 	 Test Loss: 112.1320 	 Test MAE: 7.9530
Fold: 5 	 Test r2: 0.8907 	 Test Loss: 226.9271 	 Test MAE: 10.3306
Final avg. r2:  0.8891250752620579
Final avg. MSE: 147.55330759815
Final avg. MAE: 8.4674040888037
R2: 0.8891250752620579 +- 0.0
MAE: 8.4674040888037 +- 0.0
