Fold: 1 	 Test r2: 0.9025 	 Test Loss: 141.7288 	 Test MAE: 8.8734
Fold: 2 	 Test r2: 0.9075 	 Test Loss: 116.3739 	 Test MAE: 7.9030
Fold: 3 	 Test r2: 0.8963 	 Test Loss: 97.0993 	 Test MAE: 7.5353
Fold: 4 	 Test r2: 0.8316 	 Test Loss: 193.6641 	 Test MAE: 9.1987
Fold: 5 	 Test r2: 0.7617 	 Test Loss: 463.3247 	 Test MAE: 11.6433
Final avg. r2:  0.8599046648373161
Final avg. MSE: 202.4381690178246
Final avg. MAE: 9.030727981953394
R2: 0.8599046648373161 +- 0.0
MAE: 9.030727981953394 +- 0.0
