Fold: 1 	 Test r2: 0.8683 	 Test Loss: 113.8213 	 Test MAE: 7.8921
Fold: 2 	 Test r2: 0.8726 	 Test Loss: 192.9738 	 Test MAE: 8.1934
Fold: 3 	 Test r2: 0.9053 	 Test Loss: 225.6467 	 Test MAE: 8.9685
Fold: 4 	 Test r2: 0.9643 	 Test Loss: 60.5930 	 Test MAE: 5.5944
Fold: 5 	 Test r2: 0.6130 	 Test Loss: 194.2172 	 Test MAE: 10.1498
Final avg. r2:  0.8447083069128194
Final avg. MSE: 157.45040252033687
Final avg. MAE: 8.159634304507858
R2: 0.8447083069128194 +- 0.0
MAE: 8.159634304507858 +- 0.0
