Fold: 1 	 Test r2: 0.7287 	 Test Loss: 300.1229 	 Test MAE: 11.7901
Fold: 2 	 Test r2: 0.9497 	 Test Loss: 75.8876 	 Test MAE: 6.7427
Fold: 3 	 Test r2: 0.8674 	 Test Loss: 149.9737 	 Test MAE: 7.9220
Fold: 4 	 Test r2: 0.8529 	 Test Loss: 158.5225 	 Test MAE: 7.7734
Fold: 5 	 Test r2: 0.8363 	 Test Loss: 359.7114 	 Test MAE: 10.8347
Final avg. r2:  0.8470027047390426
Final avg. MSE: 208.8436233990251
Final avg. MAE: 9.012577337310429
R2: 0.8470027047390426 +- 0.0
MAE: 9.012577337310429 +- 0.0
