Fold: 1 	 Test r2: 0.8234 	 Test Loss: 302.9598 	 Test MAE: 11.7487
Fold: 2 	 Test r2: 0.8237 	 Test Loss: 228.0439 	 Test MAE: 9.7530
Fold: 3 	 Test r2: 0.8265 	 Test Loss: 171.5408 	 Test MAE: 8.7964
Fold: 4 	 Test r2: 0.9120 	 Test Loss: 146.7681 	 Test MAE: 8.8762
Fold: 5 	 Test r2: 0.9331 	 Test Loss: 87.9958 	 Test MAE: 6.6377
Final avg. r2:  0.8637484693495967
Final avg. MSE: 187.4616809693194
Final avg. MAE: 9.16240928114525
R2: 0.8637484693495967 +- 0.0
MAE: 9.16240928114525 +- 0.0
