Fold: 1 	 Test r2: 0.8434 	 Test Loss: 122.3652 	 Test MAE: 8.7825
Fold: 2 	 Test r2: 0.9105 	 Test Loss: 140.2252 	 Test MAE: 8.3913
Fold: 3 	 Test r2: 0.9373 	 Test Loss: 117.5796 	 Test MAE: 7.9763
Fold: 4 	 Test r2: 0.8515 	 Test Loss: 258.1495 	 Test MAE: 10.6877
Fold: 5 	 Test r2: 0.8650 	 Test Loss: 146.4993 	 Test MAE: 9.7859
Final avg. r2:  0.8815235250927195
Final avg. MSE: 156.96375872552824
Final avg. MAE: 9.124734720161984
R2: 0.8815235250927195 +- 0.0
MAE: 9.124734720161984 +- 0.0
