Fold: 1 	 Test r2: 0.9100 	 Test Loss: 145.6837 	 Test MAE: 8.1953
Fold: 2 	 Test r2: 0.9018 	 Test Loss: 102.9066 	 Test MAE: 7.5301
Fold: 3 	 Test r2: 0.9121 	 Test Loss: 168.1881 	 Test MAE: 9.4578
Fold: 4 	 Test r2: 0.8916 	 Test Loss: 138.6576 	 Test MAE: 7.9181
Fold: 5 	 Test r2: 0.8673 	 Test Loss: 151.4716 	 Test MAE: 7.7048
Final avg. r2:  0.8965614722967897
Final avg. MSE: 141.38150664366498
Final avg. MAE: 8.161219594166392
R2: 0.8965614722967897 +- 0.0
MAE: 8.161219594166392 +- 0.0
