Fold: 1 	 Test r2: 0.9264 	 Test Loss: 107.6764 	 Test MAE: 8.1788
Fold: 2 	 Test r2: 0.8550 	 Test Loss: 140.5348 	 Test MAE: 8.9018
Fold: 3 	 Test r2: 0.8429 	 Test Loss: 346.2910 	 Test MAE: 12.2945
Fold: 4 	 Test r2: 0.9010 	 Test Loss: 105.5191 	 Test MAE: 7.6595
Fold: 5 	 Test r2: 0.8261 	 Test Loss: 216.8940 	 Test MAE: 9.5789
Final avg. r2:  0.870263968359222
Final avg. MSE: 183.3830622532942
Final avg. MAE: 9.322688764333725
R2: 0.870263968359222 +- 0.0
MAE: 9.322688764333725 +- 0.0
