Fold: 1 	 Test r2: 0.9051 	 Test Loss: 126.8924 	 Test MAE: 7.8470
Fold: 2 	 Test r2: 0.8268 	 Test Loss: 159.5517 	 Test MAE: 9.2492
Fold: 3 	 Test r2: 0.8044 	 Test Loss: 223.3957 	 Test MAE: 11.4135
Fold: 4 	 Test r2: 0.8136 	 Test Loss: 453.9751 	 Test MAE: 14.4977
Fold: 5 	 Test r2: 0.8848 	 Test Loss: 132.8505 	 Test MAE: 8.1052
Final avg. r2:  0.8469340366606548
Final avg. MSE: 219.33306838595368
Final avg. MAE: 10.222511700789132
R2: 0.8469340366606548 +- 0.0
MAE: 10.222511700789132 +- 0.0
