Fold: 1 	 Test r2: 0.8475 	 Test Loss: 0.0072 	 Test MAE: 0.0461
Fold: 2 	 Test r2: 0.7024 	 Test Loss: 0.0092 	 Test MAE: 0.0454
Fold: 3 	 Test r2: 0.6569 	 Test Loss: 0.0150 	 Test MAE: 0.0746
Fold: 4 	 Test r2: 0.7784 	 Test Loss: 0.0178 	 Test MAE: 0.0643
Fold: 5 	 Test r2: 0.8840 	 Test Loss: 0.0032 	 Test MAE: 0.0417
Final avg. r2:  0.7738357528179196
Final avg. MSE: 0.01049292103684104
Final avg. MAE: 0.05441460844610825
R2: 0.7738357528179196 +- 0.0
MAE: 0.05441460844610825 +- 0.0
