Fold: 1 	 Test r2: 0.7845 	 Test Loss: 0.0100 	 Test MAE: 0.0638
Fold: 2 	 Test r2: 0.6912 	 Test Loss: 0.0122 	 Test MAE: 0.0716
Fold: 3 	 Test r2: 0.5515 	 Test Loss: 0.0305 	 Test MAE: 0.0865
Fold: 4 	 Test r2: 0.7960 	 Test Loss: 0.0095 	 Test MAE: 0.0659
Fold: 5 	 Test r2: 0.7428 	 Test Loss: 0.0088 	 Test MAE: 0.0675
Final avg. r2:  0.713205526322587
Final avg. MSE: 0.014212859547672069
Final avg. MAE: 0.0710608125486899
R2: 0.713205526322587 +- 0.0
MAE: 0.0710608125486899 +- 0.0
