Fold: 1 	 Test r2: 0.6685 	 Test Loss: 0.0202 	 Test MAE: 0.0732
Fold: 2 	 Test r2: 0.9315 	 Test Loss: 0.0023 	 Test MAE: 0.0319
Fold: 3 	 Test r2: 0.6028 	 Test Loss: 0.0199 	 Test MAE: 0.0655
Fold: 4 	 Test r2: 0.8154 	 Test Loss: 0.0062 	 Test MAE: 0.0492
Fold: 5 	 Test r2: 0.9102 	 Test Loss: 0.0047 	 Test MAE: 0.0443
Final avg. r2:  0.785703130254767
Final avg. MSE: 0.010672158878953484
Final avg. MAE: 0.052820508253006715
R2: 0.785703130254767 +- 0.0
MAE: 0.052820508253006715 +- 0.0
