Fold: 1 	 Test r2: 0.6925 	 Test Loss: 0.0100 	 Test MAE: 0.0507
Fold: 2 	 Test r2: 0.7395 	 Test Loss: 0.0108 	 Test MAE: 0.0697
Fold: 3 	 Test r2: 0.8625 	 Test Loss: 0.0050 	 Test MAE: 0.0476
Fold: 4 	 Test r2: 0.6093 	 Test Loss: 0.0196 	 Test MAE: 0.0977
Fold: 5 	 Test r2: 0.6908 	 Test Loss: 0.0219 	 Test MAE: 0.0770
Final avg. r2:  0.7189007374673991
Final avg. MSE: 0.013453814106100423
Final avg. MAE: 0.06852829660333339
R2: 0.7189007374673991 +- 0.0
MAE: 0.06852829660333339 +- 0.0
