Fold: 1 	 Test r2: 0.5509 	 Test Loss: 0.0165 	 Test MAE: 0.0645
Fold: 2 	 Test r2: 0.8060 	 Test Loss: 0.0084 	 Test MAE: 0.0586
Fold: 3 	 Test r2: 0.7482 	 Test Loss: 0.0184 	 Test MAE: 0.0682
Fold: 4 	 Test r2: 0.8178 	 Test Loss: 0.0055 	 Test MAE: 0.0527
Fold: 5 	 Test r2: 0.8964 	 Test Loss: 0.0052 	 Test MAE: 0.0425
Final avg. r2:  0.7638522265319068
Final avg. MSE: 0.010799877206521088
Final avg. MAE: 0.05730275247170001
R2: 0.7638522265319068 +- 0.0
MAE: 0.05730275247170001 +- 0.0
