Fold: 1 	 Test r2: 0.7196 	 Test Loss: 0.0105 	 Test MAE: 0.0626
Fold: 2 	 Test r2: 0.8900 	 Test Loss: 0.0052 	 Test MAE: 0.0519
Fold: 3 	 Test r2: 0.7762 	 Test Loss: 0.0094 	 Test MAE: 0.0498
Fold: 4 	 Test r2: 0.8571 	 Test Loss: 0.0064 	 Test MAE: 0.0488
Fold: 5 	 Test r2: 0.7027 	 Test Loss: 0.0181 	 Test MAE: 0.0557
Final avg. r2:  0.7891051318108666
Final avg. MSE: 0.0099076832531737
Final avg. MAE: 0.05376756920156126
R2: 0.7891051318108666 +- 0.0
MAE: 0.05376756920156126 +- 0.0
