Fold: 1 	 Test r2: 0.7655 	 Test Loss: 0.0105 	 Test MAE: 0.0679
Fold: 2 	 Test r2: 0.7754 	 Test Loss: 0.0190 	 Test MAE: 0.0741
Fold: 3 	 Test r2: 0.7298 	 Test Loss: 0.0091 	 Test MAE: 0.0756
Fold: 4 	 Test r2: 0.7655 	 Test Loss: 0.0076 	 Test MAE: 0.0619
Fold: 5 	 Test r2: 0.7473 	 Test Loss: 0.0093 	 Test MAE: 0.0660
Final avg. r2:  0.7566931773283055
Final avg. MSE: 0.011097846736658914
Final avg. MAE: 0.06910568872770788
R2: 0.7566931773283055 +- 0.0
MAE: 0.06910568872770788 +- 0.0
