Fold: 1 	 Test r2: 0.8967 	 Test Loss: 0.0051 	 Test MAE: 0.0455
Fold: 2 	 Test r2: 0.8163 	 Test Loss: 0.0105 	 Test MAE: 0.0611
Fold: 3 	 Test r2: 0.9191 	 Test Loss: 0.0035 	 Test MAE: 0.0382
Fold: 4 	 Test r2: 0.7670 	 Test Loss: 0.0124 	 Test MAE: 0.0615
Fold: 5 	 Test r2: 0.7908 	 Test Loss: 0.0061 	 Test MAE: 0.0496
Final avg. r2:  0.8379919614631177
Final avg. MSE: 0.0075212519119007
Final avg. MAE: 0.05119610862350281
R2: 0.8379919614631177 +- 0.0
MAE: 0.05119610862350281 +- 0.0
