Fold: 1 	 Test r2: 0.8771 	 Test Loss: 0.0041 	 Test MAE: 0.0435
Fold: 2 	 Test r2: 0.9033 	 Test Loss: 0.0034 	 Test MAE: 0.0408
Fold: 3 	 Test r2: 0.8520 	 Test Loss: 0.0067 	 Test MAE: 0.0446
Fold: 4 	 Test r2: 0.8342 	 Test Loss: 0.0071 	 Test MAE: 0.0493
Fold: 5 	 Test r2: 0.7360 	 Test Loss: 0.0202 	 Test MAE: 0.0562
Final avg. r2:  0.8405346253525364
Final avg. MSE: 0.008325654180467804
Final avg. MAE: 0.04687377529244135
R2: 0.8405346253525364 +- 0.0
MAE: 0.04687377529244135 +- 0.0
