Fold: 1 	 Test r2: 0.7007 	 Test Loss: 0.0092 	 Test MAE: 0.0549
Fold: 2 	 Test r2: 0.7427 	 Test Loss: 0.0123 	 Test MAE: 0.0640
Fold: 3 	 Test r2: 0.9043 	 Test Loss: 0.0043 	 Test MAE: 0.0480
Fold: 4 	 Test r2: 0.9125 	 Test Loss: 0.0036 	 Test MAE: 0.0448
Fold: 5 	 Test r2: 0.7808 	 Test Loss: 0.0157 	 Test MAE: 0.0638
Final avg. r2:  0.8082254699570685
Final avg. MSE: 0.009007090880202769
Final avg. MAE: 0.05509116470585672
R2: 0.8082254699570685 +- 0.0
MAE: 0.05509116470585672 +- 0.0
