Fold: 1 	 Test r2: 0.8764 	 Test Loss: 0.0039 	 Test MAE: 0.0411
Fold: 2 	 Test r2: 0.7524 	 Test Loss: 0.0096 	 Test MAE: 0.0558
Fold: 3 	 Test r2: 0.8558 	 Test Loss: 0.0052 	 Test MAE: 0.0479
Fold: 4 	 Test r2: 0.6610 	 Test Loss: 0.0253 	 Test MAE: 0.0717
Fold: 5 	 Test r2: 0.9089 	 Test Loss: 0.0048 	 Test MAE: 0.0436
Final avg. r2:  0.810918172991143
Final avg. MSE: 0.009782256151159897
Final avg. MAE: 0.05198946563387606
R2: 0.810918172991143 +- 0.0
MAE: 0.05198946563387606 +- 0.0
