Fold: 1 	 Test r2: 0.8470 	 Test Loss: 0.0087 	 Test MAE: 0.0679
Fold: 2 	 Test r2: 0.4404 	 Test Loss: 0.0350 	 Test MAE: 0.1067
Fold: 3 	 Test r2: 0.6697 	 Test Loss: 0.0142 	 Test MAE: 0.0761
Fold: 4 	 Test r2: 0.8159 	 Test Loss: 0.0063 	 Test MAE: 0.0505
Fold: 5 	 Test r2: 0.7983 	 Test Loss: 0.0072 	 Test MAE: 0.0597
Final avg. r2:  0.7142910705905735
Final avg. MSE: 0.014276289865970454
Final avg. MAE: 0.07217012221044322
R2: 0.7142910705905735 +- 0.0
MAE: 0.07217012221044322 +- 0.0
