Fold: 1 	 Test r2: 0.6520 	 Test Loss: 0.0264 	 Test MAE: 0.0772
Fold: 2 	 Test r2: 0.6895 	 Test Loss: 0.0101 	 Test MAE: 0.0603
Fold: 3 	 Test r2: 0.8396 	 Test Loss: 0.0073 	 Test MAE: 0.0548
Fold: 4 	 Test r2: 0.5797 	 Test Loss: 0.0154 	 Test MAE: 0.0784
Fold: 5 	 Test r2: 0.7703 	 Test Loss: 0.0085 	 Test MAE: 0.0607
Final avg. r2:  0.7062174438789264
Final avg. MSE: 0.01354185490557768
Final avg. MAE: 0.06629228548583935
R2: 0.7062174438789264 +- 0.0
MAE: 0.06629228548583935 +- 0.0
