Fold: 1 	 Test r2: 0.8048 	 Test Loss: 0.0075 	 Test MAE: 0.0496
Fold: 2 	 Test r2: 0.6691 	 Test Loss: 0.0176 	 Test MAE: 0.0839
Fold: 3 	 Test r2: 0.6967 	 Test Loss: 0.0114 	 Test MAE: 0.0810
Fold: 4 	 Test r2: 0.8185 	 Test Loss: 0.0070 	 Test MAE: 0.0578
Fold: 5 	 Test r2: 0.5439 	 Test Loss: 0.0303 	 Test MAE: 0.0828
Final avg. r2:  0.7065916498178885
Final avg. MSE: 0.01476090884223546
Final avg. MAE: 0.07102247678681092
R2: 0.7065916498178885 +- 0.0
MAE: 0.07102247678681092 +- 0.0
