Fold: 1 	 Test r2: 0.8435 	 Test Loss: 0.0059 	 Test MAE: 0.0541
Fold: 2 	 Test r2: 0.7809 	 Test Loss: 0.0102 	 Test MAE: 0.0692
Fold: 3 	 Test r2: 0.5715 	 Test Loss: 0.0282 	 Test MAE: 0.0692
Fold: 4 	 Test r2: 0.6848 	 Test Loss: 0.0147 	 Test MAE: 0.0755
Fold: 5 	 Test r2: 0.8239 	 Test Loss: 0.0066 	 Test MAE: 0.0560
Final avg. r2:  0.7409353721898114
Final avg. MSE: 0.013110849770917869
Final avg. MAE: 0.06479847961846663
R2: 0.7409353721898114 +- 0.0
MAE: 0.06479847961846663 +- 0.0
