Fold: 1 	 Test r2: 0.7211 	 Test Loss: 0.0105 	 Test MAE: 0.0665
Fold: 2 	 Test r2: 0.9155 	 Test Loss: 0.0038 	 Test MAE: 0.0457
Fold: 3 	 Test r2: 0.7309 	 Test Loss: 0.0216 	 Test MAE: 0.0653
Fold: 4 	 Test r2: 0.9003 	 Test Loss: 0.0031 	 Test MAE: 0.0404
Fold: 5 	 Test r2: 0.8629 	 Test Loss: 0.0051 	 Test MAE: 0.0457
Final avg. r2:  0.8261357185956459
Final avg. MSE: 0.008807375005369936
Final avg. MAE: 0.05272312596706408
R2: 0.8261357185956459 +- 0.0
MAE: 0.05272312596706408 +- 0.0
