Fold: 1 	 Test r2: 0.6549 	 Test Loss: 0.0221 	 Test MAE: 0.0678
Fold: 2 	 Test r2: 0.7355 	 Test Loss: 0.0127 	 Test MAE: 0.0721
Fold: 3 	 Test r2: 0.7269 	 Test Loss: 0.0109 	 Test MAE: 0.0705
Fold: 4 	 Test r2: 0.7456 	 Test Loss: 0.0103 	 Test MAE: 0.0600
Fold: 5 	 Test r2: 0.7709 	 Test Loss: 0.0096 	 Test MAE: 0.0704
Final avg. r2:  0.7267659448495781
Final avg. MSE: 0.013127675377036982
Final avg. MAE: 0.06816083553887041
R2: 0.7267659448495781 +- 0.0
MAE: 0.06816083553887041 +- 0.0
