Fold: 1 	 Test r2: 0.8457 	 Test Loss: 0.0051 	 Test MAE: 0.0499
Fold: 2 	 Test r2: 0.4819 	 Test Loss: 0.0123 	 Test MAE: 0.0799
Fold: 3 	 Test r2: 0.5552 	 Test Loss: 0.0152 	 Test MAE: 0.0799
Fold: 4 	 Test r2: 0.6715 	 Test Loss: 0.0277 	 Test MAE: 0.0831
Fold: 5 	 Test r2: 0.7294 	 Test Loss: 0.0145 	 Test MAE: 0.0787
Final avg. r2:  0.6567541495140193
Final avg. MSE: 0.014962065955363677
Final avg. MAE: 0.07429330913210605
R2: 0.6567541495140193 +- 0.0
MAE: 0.07429330913210605 +- 0.0
