Fold: 1 	 Test r2: 0.7689 	 Test Loss: 0.0190 	 Test MAE: 0.0582
Fold: 2 	 Test r2: 0.8575 	 Test Loss: 0.0070 	 Test MAE: 0.0498
Fold: 3 	 Test r2: 0.7843 	 Test Loss: 0.0073 	 Test MAE: 0.0610
Fold: 4 	 Test r2: 0.7641 	 Test Loss: 0.0080 	 Test MAE: 0.0446
Fold: 5 	 Test r2: 0.7598 	 Test Loss: 0.0082 	 Test MAE: 0.0531
Final avg. r2:  0.7869231794638116
Final avg. MSE: 0.009912649386692781
Final avg. MAE: 0.05333764625548506
R2: 0.7869231794638116 +- 0.0
MAE: 0.05333764625548506 +- 0.0
