Fold: 1 	 Test r2: 0.7610 	 Test Loss: 0.0096 	 Test MAE: 0.0600
Fold: 2 	 Test r2: 0.7355 	 Test Loss: 0.0147 	 Test MAE: 0.0746
Fold: 3 	 Test r2: 0.7266 	 Test Loss: 0.0113 	 Test MAE: 0.0669
Fold: 4 	 Test r2: 0.6760 	 Test Loss: 0.0204 	 Test MAE: 0.0765
Fold: 5 	 Test r2: 0.7696 	 Test Loss: 0.0080 	 Test MAE: 0.0650
Final avg. r2:  0.7337445328669071
Final avg. MSE: 0.012791739091714337
Final avg. MAE: 0.06861330441002841
R2: 0.7337445328669071 +- 0.0
MAE: 0.06861330441002841 +- 0.0
