Fold: 1 	 Test r2: 0.7442 	 Test Loss: 0.0132 	 Test MAE: 0.0747
Fold: 2 	 Test r2: 0.7109 	 Test Loss: 0.0089 	 Test MAE: 0.0681
Fold: 3 	 Test r2: 0.5533 	 Test Loss: 0.0331 	 Test MAE: 0.0683
Fold: 4 	 Test r2: 0.7322 	 Test Loss: 0.0074 	 Test MAE: 0.0576
Fold: 5 	 Test r2: 0.6715 	 Test Loss: 0.0159 	 Test MAE: 0.0743
Final avg. r2:  0.682452467812247
Final avg. MSE: 0.01570897022492459
Final avg. MAE: 0.06860044033386978
R2: 0.682452467812247 +- 0.0
MAE: 0.06860044033386978 +- 0.0
