Fold: 1 	 Test r2: 0.8564 	 Test Loss: 0.0054 	 Test MAE: 0.0571
Fold: 2 	 Test r2: 0.8626 	 Test Loss: 0.0050 	 Test MAE: 0.0466
Fold: 3 	 Test r2: 0.6260 	 Test Loss: 0.0277 	 Test MAE: 0.0910
Fold: 4 	 Test r2: 0.6797 	 Test Loss: 0.0133 	 Test MAE: 0.0725
Fold: 5 	 Test r2: 0.8163 	 Test Loss: 0.0069 	 Test MAE: 0.0483
Final avg. r2:  0.7681738910962328
Final avg. MSE: 0.011672540957326347
Final avg. MAE: 0.0631014703304133
R2: 0.7681738910962328 +- 0.0
MAE: 0.0631014703304133 +- 0.0
