Fold: 1 	 Test r2: 0.6305 	 Test Loss: 0.0254 	 Test MAE: 0.0755
Fold: 2 	 Test r2: 0.7938 	 Test Loss: 0.0085 	 Test MAE: 0.0674
Fold: 3 	 Test r2: 0.8188 	 Test Loss: 0.0103 	 Test MAE: 0.0650
Fold: 4 	 Test r2: 0.3903 	 Test Loss: 0.0202 	 Test MAE: 0.0869
Fold: 5 	 Test r2: 0.3275 	 Test Loss: 0.0212 	 Test MAE: 0.1043
Final avg. r2:  0.5921621788997882
Final avg. MSE: 0.01711637566702411
Final avg. MAE: 0.07981576091755613
R2: 0.5921621788997882 +- 0.0
MAE: 0.07981576091755613 +- 0.0
