Fold: 1 	 Test r2: 0.8935 	 Test Loss: 0.0040 	 Test MAE: 0.0438
Fold: 2 	 Test r2: 0.8574 	 Test Loss: 0.0065 	 Test MAE: 0.0486
Fold: 3 	 Test r2: 0.7627 	 Test Loss: 0.0183 	 Test MAE: 0.0483
Fold: 4 	 Test r2: 0.5806 	 Test Loss: 0.0129 	 Test MAE: 0.0617
Fold: 5 	 Test r2: 0.8600 	 Test Loss: 0.0054 	 Test MAE: 0.0437
Final avg. r2:  0.7908304057838776
Final avg. MSE: 0.009421784118838558
Final avg. MAE: 0.049220273023483904
R2: 0.7908304057838776 +- 0.0
MAE: 0.049220273023483904 +- 0.0
