Fold: 1 	 Test r2: 0.6589 	 Test Loss: 0.0095 	 Test MAE: 0.0600
Fold: 2 	 Test r2: 0.6799 	 Test Loss: 0.0245 	 Test MAE: 0.0684
Fold: 3 	 Test r2: 0.8617 	 Test Loss: 0.0061 	 Test MAE: 0.0489
Fold: 4 	 Test r2: 0.9113 	 Test Loss: 0.0036 	 Test MAE: 0.0396
Fold: 5 	 Test r2: 0.8479 	 Test Loss: 0.0069 	 Test MAE: 0.0535
Final avg. r2:  0.7919360899244572
Final avg. MSE: 0.010100979397447054
Final avg. MAE: 0.054107240944163124
R2: 0.7919360899244572 +- 0.0
MAE: 0.054107240944163124 +- 0.0
