Fold: 1 	 Test r2: 0.7337 	 Test Loss: 0.0083 	 Test MAE: 0.0664
Fold: 2 	 Test r2: 0.5652 	 Test Loss: 0.0305 	 Test MAE: 0.0751
Fold: 3 	 Test r2: 0.8393 	 Test Loss: 0.0088 	 Test MAE: 0.0577
Fold: 4 	 Test r2: 0.1560 	 Test Loss: 0.0239 	 Test MAE: 0.0849
Fold: 5 	 Test r2: 0.8668 	 Test Loss: 0.0061 	 Test MAE: 0.0540
Final avg. r2:  0.6321871812034402
Final avg. MSE: 0.015512083570757335
Final avg. MAE: 0.06762290396252457
R2: 0.6321871812034402 +- 0.0
MAE: 0.06762290396252457 +- 0.0
