Fold: 1 	 Test r2: 0.7810 	 Test Loss: 0.0069 	 Test MAE: 0.0612
Fold: 2 	 Test r2: 0.8057 	 Test Loss: 0.0073 	 Test MAE: 0.0616
Fold: 3 	 Test r2: 0.6249 	 Test Loss: 0.0100 	 Test MAE: 0.0627
Fold: 4 	 Test r2: 0.7055 	 Test Loss: 0.0146 	 Test MAE: 0.0728
Fold: 5 	 Test r2: 0.5619 	 Test Loss: 0.0363 	 Test MAE: 0.0875
Final avg. r2:  0.6957792504276565
Final avg. MSE: 0.015007061696448864
Final avg. MAE: 0.06918265009488986
R2: 0.6957792504276565 +- 0.0
MAE: 0.06918265009488986 +- 0.0
