Fold: 1 	 Test r2: 0.7317 	 Test Loss: 0.0100 	 Test MAE: 0.0621
Fold: 2 	 Test r2: 0.6606 	 Test Loss: 0.0097 	 Test MAE: 0.0585
Fold: 3 	 Test r2: 0.6881 	 Test Loss: 0.0283 	 Test MAE: 0.0834
Fold: 4 	 Test r2: 0.8017 	 Test Loss: 0.0074 	 Test MAE: 0.0487
Fold: 5 	 Test r2: 0.8896 	 Test Loss: 0.0038 	 Test MAE: 0.0484
Final avg. r2:  0.7543284116550323
Final avg. MSE: 0.011829691584459633
Final avg. MAE: 0.06019928115958563
R2: 0.7543284116550323 +- 0.0
MAE: 0.06019928115958563 +- 0.0
