Fold: 1 	 Test r2: 0.7434 	 Test Loss: 0.0118 	 Test MAE: 0.0614
Fold: 2 	 Test r2: 0.7462 	 Test Loss: 0.0137 	 Test MAE: 0.0717
Fold: 3 	 Test r2: 0.8345 	 Test Loss: 0.0062 	 Test MAE: 0.0528
Fold: 4 	 Test r2: 0.7138 	 Test Loss: 0.0095 	 Test MAE: 0.0654
Fold: 5 	 Test r2: 0.5618 	 Test Loss: 0.0270 	 Test MAE: 0.0791
Final avg. r2:  0.7199252407493122
Final avg. MSE: 0.013640044473322127
Final avg. MAE: 0.06610046201290523
R2: 0.7199252407493122 +- 0.0
MAE: 0.06610046201290523 +- 0.0
