Fold: 1 	 Test r2: 0.7272 	 Test Loss: 0.0201 	 Test MAE: 0.0595
Fold: 2 	 Test r2: 0.6296 	 Test Loss: 0.0136 	 Test MAE: 0.0638
Fold: 3 	 Test r2: 0.9262 	 Test Loss: 0.0031 	 Test MAE: 0.0371
Fold: 4 	 Test r2: 0.8061 	 Test Loss: 0.0083 	 Test MAE: 0.0561
Fold: 5 	 Test r2: 0.8175 	 Test Loss: 0.0074 	 Test MAE: 0.0514
Final avg. r2:  0.7813165039839427
Final avg. MSE: 0.010501359453998552
Final avg. MAE: 0.05360091411236192
R2: 0.7813165039839427 +- 0.0
MAE: 0.05360091411236192 +- 0.0
