Fold: 1 	 Test r2: 0.7735 	 Test Loss: 0.0136 	 Test MAE: 0.0686
Fold: 2 	 Test r2: 0.7919 	 Test Loss: 0.0131 	 Test MAE: 0.0507
Fold: 3 	 Test r2: 0.7484 	 Test Loss: 0.0085 	 Test MAE: 0.0469
Fold: 4 	 Test r2: 0.9210 	 Test Loss: 0.0029 	 Test MAE: 0.0392
Fold: 5 	 Test r2: 0.7269 	 Test Loss: 0.0100 	 Test MAE: 0.0664
Final avg. r2:  0.7923122869905841
Final avg. MSE: 0.009606490865509824
Final avg. MAE: 0.05436076268832497
R2: 0.7923122869905841 +- 0.0
MAE: 0.05436076268832497 +- 0.0
