Fold: 1 	 Test r2: 0.7146 	 Test Loss: 0.0095 	 Test MAE: 0.0689
Fold: 2 	 Test r2: 0.7452 	 Test Loss: 0.0124 	 Test MAE: 0.0735
Fold: 3 	 Test r2: 0.8463 	 Test Loss: 0.0044 	 Test MAE: 0.0479
Fold: 4 	 Test r2: 0.6807 	 Test Loss: 0.0255 	 Test MAE: 0.0706
Fold: 5 	 Test r2: 0.8057 	 Test Loss: 0.0073 	 Test MAE: 0.0561
Final avg. r2:  0.7584865958342825
Final avg. MSE: 0.011816631631323205
Final avg. MAE: 0.06340183831345873
R2: 0.7584865958342825 +- 0.0
MAE: 0.06340183831345873 +- 0.0
