Fold: 1 	 Test r2: 0.7276 	 Test Loss: 0.0131 	 Test MAE: 0.0791
Fold: 2 	 Test r2: 0.7385 	 Test Loss: 0.0095 	 Test MAE: 0.0687
Fold: 3 	 Test r2: 0.8471 	 Test Loss: 0.0044 	 Test MAE: 0.0448
Fold: 4 	 Test r2: 0.7101 	 Test Loss: 0.0117 	 Test MAE: 0.0671
Fold: 5 	 Test r2: 0.7521 	 Test Loss: 0.0197 	 Test MAE: 0.0742
Final avg. r2:  0.7550932749720236
Final avg. MSE: 0.0116903192813801
Final avg. MAE: 0.06678525873580252
R2: 0.7550932749720236 +- 0.0
MAE: 0.06678525873580252 +- 0.0
