Fold: 1 	 Test r2: 0.8103 	 Test Loss: 0.0072 	 Test MAE: 0.0643
Fold: 2 	 Test r2: 0.7688 	 Test Loss: 0.0093 	 Test MAE: 0.0695
Fold: 3 	 Test r2: 0.8015 	 Test Loss: 0.0078 	 Test MAE: 0.0614
Fold: 4 	 Test r2: 0.6381 	 Test Loss: 0.0246 	 Test MAE: 0.0624
Fold: 5 	 Test r2: 0.7322 	 Test Loss: 0.0133 	 Test MAE: 0.0831
Final avg. r2:  0.7501602037310253
Final avg. MSE: 0.012418090977721037
Final avg. MAE: 0.06812483264057308
R2: 0.7501602037310253 +- 0.0
MAE: 0.06812483264057308 +- 0.0
