Fold: 1 	 Test r2: 0.8318 	 Test Loss: 0.0074 	 Test MAE: 0.0613
Fold: 2 	 Test r2: 0.6003 	 Test Loss: 0.0171 	 Test MAE: 0.0763
Fold: 3 	 Test r2: 0.6948 	 Test Loss: 0.0070 	 Test MAE: 0.0576
Fold: 4 	 Test r2: 0.7713 	 Test Loss: 0.0096 	 Test MAE: 0.0692
Fold: 5 	 Test r2: 0.6842 	 Test Loss: 0.0243 	 Test MAE: 0.0739
Final avg. r2:  0.7164881929007587
Final avg. MSE: 0.013081001241981591
Final avg. MAE: 0.06768106181035136
R2: 0.7164881929007587 +- 0.0
MAE: 0.06768106181035136 +- 0.0
