Fold: 1 	 Test r2: 0.7643 	 Test Loss: 0.0088 	 Test MAE: 0.0498
Fold: 2 	 Test r2: 0.9495 	 Test Loss: 0.0017 	 Test MAE: 0.0323
Fold: 3 	 Test r2: 0.7055 	 Test Loss: 0.0164 	 Test MAE: 0.0717
Fold: 4 	 Test r2: 0.7626 	 Test Loss: 0.0180 	 Test MAE: 0.0727
Fold: 5 	 Test r2: 0.8922 	 Test Loss: 0.0025 	 Test MAE: 0.0336
Final avg. r2:  0.8148187721166984
Final avg. MSE: 0.009494285228353504
Final avg. MAE: 0.05202779940133092
R2: 0.8148187721166984 +- 0.0
MAE: 0.05202779940133092 +- 0.0
