Fold: 1 	 Test r2: 0.8534 	 Test Loss: 0.0051 	 Test MAE: 0.0447
Fold: 2 	 Test r2: 0.8536 	 Test Loss: 0.0069 	 Test MAE: 0.0556
Fold: 3 	 Test r2: 0.7017 	 Test Loss: 0.0130 	 Test MAE: 0.0648
Fold: 4 	 Test r2: 0.7609 	 Test Loss: 0.0175 	 Test MAE: 0.0527
Fold: 5 	 Test r2: 0.8687 	 Test Loss: 0.0048 	 Test MAE: 0.0512
Final avg. r2:  0.8076508187964115
Final avg. MSE: 0.0094717262582074
Final avg. MAE: 0.05381624101768849
R2: 0.8076508187964115 +- 0.0
MAE: 0.05381624101768849 +- 0.0
