Fold: 1 	 Test r2: 0.9173 	 Test Loss: 0.0034 	 Test MAE: 0.0395
Fold: 2 	 Test r2: 0.7405 	 Test Loss: 0.0116 	 Test MAE: 0.0587
Fold: 3 	 Test r2: 0.7868 	 Test Loss: 0.0148 	 Test MAE: 0.0516
Fold: 4 	 Test r2: 0.6798 	 Test Loss: 0.0125 	 Test MAE: 0.0614
Fold: 5 	 Test r2: 0.8622 	 Test Loss: 0.0055 	 Test MAE: 0.0518
Final avg. r2:  0.7973257371822828
Final avg. MSE: 0.009579538039057329
Final avg. MAE: 0.05258225220616679
R2: 0.7973257371822828 +- 0.0
MAE: 0.05258225220616679 +- 0.0
