Fold: 1 	 Test r2: 0.6755 	 Test Loss: 0.0244 	 Test MAE: 0.0905
Fold: 2 	 Test r2: 0.8770 	 Test Loss: 0.0050 	 Test MAE: 0.0516
Fold: 3 	 Test r2: 0.7578 	 Test Loss: 0.0106 	 Test MAE: 0.0661
Fold: 4 	 Test r2: 0.7732 	 Test Loss: 0.0076 	 Test MAE: 0.0569
Fold: 5 	 Test r2: 0.8133 	 Test Loss: 0.0072 	 Test MAE: 0.0597
Final avg. r2:  0.7793844748432333
Final avg. MSE: 0.010960616038098087
Final avg. MAE: 0.0649593134359995
R2: 0.7793844748432333 +- 0.0
MAE: 0.0649593134359995 +- 0.0
