Fold: 1 	 Test r2: 0.8588 	 Test Loss: 0.0046 	 Test MAE: 0.0418
Fold: 2 	 Test r2: 0.7274 	 Test Loss: 0.0255 	 Test MAE: 0.0765
Fold: 3 	 Test r2: 0.7459 	 Test Loss: 0.0051 	 Test MAE: 0.0461
Fold: 4 	 Test r2: 0.8247 	 Test Loss: 0.0071 	 Test MAE: 0.0576
Fold: 5 	 Test r2: 0.7981 	 Test Loss: 0.0083 	 Test MAE: 0.0562
Final avg. r2:  0.7909916176136653
Final avg. MSE: 0.010108453739682869
Final avg. MAE: 0.055664896557969204
R2: 0.7909916176136653 +- 0.0
MAE: 0.055664896557969204 +- 0.0
