Fold: 1 	 Test r2: 0.7536 	 Test Loss: 0.0104 	 Test MAE: 0.0670
Fold: 2 	 Test r2: 0.7133 	 Test Loss: 0.0084 	 Test MAE: 0.0563
Fold: 3 	 Test r2: 0.7659 	 Test Loss: 0.0112 	 Test MAE: 0.0659
Fold: 4 	 Test r2: 0.6321 	 Test Loss: 0.0174 	 Test MAE: 0.0892
Fold: 5 	 Test r2: 0.4500 	 Test Loss: 0.0360 	 Test MAE: 0.0902
Final avg. r2:  0.6629916049082268
Final avg. MSE: 0.01667743625735606
Final avg. MAE: 0.07372418713255399
R2: 0.6629916049082268 +- 0.0
MAE: 0.07372418713255399 +- 0.0
