Fold: 1 	 Test r2: 0.8211 	 Test Loss: 0.0054 	 Test MAE: 0.0468
Fold: 2 	 Test r2: 0.6189 	 Test Loss: 0.0151 	 Test MAE: 0.0687
Fold: 3 	 Test r2: 0.5838 	 Test Loss: 0.0176 	 Test MAE: 0.0943
Fold: 4 	 Test r2: 0.8789 	 Test Loss: 0.0059 	 Test MAE: 0.0540
Fold: 5 	 Test r2: 0.7064 	 Test Loss: 0.0217 	 Test MAE: 0.0676
Final avg. r2:  0.7218133811783756
Final avg. MSE: 0.013146996691976021
Final avg. MAE: 0.06629367770538444
R2: 0.7218133811783756 +- 0.0
MAE: 0.06629367770538444 +- 0.0
