Fold: 1 	 Test r2: 0.8528 	 Test Loss: 0.0077 	 Test MAE: 0.0557
Fold: 2 	 Test r2: 0.7610 	 Test Loss: 0.0083 	 Test MAE: 0.0585
Fold: 3 	 Test r2: 0.6889 	 Test Loss: 0.0183 	 Test MAE: 0.0718
Fold: 4 	 Test r2: 0.7199 	 Test Loss: 0.0115 	 Test MAE: 0.0646
Fold: 5 	 Test r2: 0.7516 	 Test Loss: 0.0119 	 Test MAE: 0.0576
Final avg. r2:  0.7548375484347524
Final avg. MSE: 0.011548596196754952
Final avg. MAE: 0.06164571322804811
R2: 0.7548375484347524 +- 0.0
MAE: 0.06164571322804811 +- 0.0
