Fold: 1 	 Test r2: 0.6176 	 Test Loss: 0.0235 	 Test MAE: 0.0781
Fold: 2 	 Test r2: 0.4334 	 Test Loss: 0.0173 	 Test MAE: 0.0944
Fold: 3 	 Test r2: 0.7063 	 Test Loss: 0.0102 	 Test MAE: 0.0744
Fold: 4 	 Test r2: 0.8371 	 Test Loss: 0.0091 	 Test MAE: 0.0626
Fold: 5 	 Test r2: 0.5715 	 Test Loss: 0.0211 	 Test MAE: 0.1073
Final avg. r2:  0.6331882816032522
Final avg. MSE: 0.016259700431241017
Final avg. MAE: 0.08336503967630113
R2: 0.6331882816032522 +- 0.0
MAE: 0.08336503967630113 +- 0.0
