Fold: 1 	 Test r2: 0.6025 	 Test Loss: 0.0119 	 Test MAE: 0.0658
Fold: 2 	 Test r2: 0.8365 	 Test Loss: 0.0085 	 Test MAE: 0.0526
Fold: 3 	 Test r2: 0.8040 	 Test Loss: 0.0083 	 Test MAE: 0.0631
Fold: 4 	 Test r2: 0.6217 	 Test Loss: 0.0233 	 Test MAE: 0.0698
Fold: 5 	 Test r2: 0.7186 	 Test Loss: 0.0134 	 Test MAE: 0.0642
Final avg. r2:  0.7166528557879317
Final avg. MSE: 0.013100618218847681
Final avg. MAE: 0.06309539143464903
R2: 0.7166528557879317 +- 0.0
MAE: 0.06309539143464903 +- 0.0
