Fold: 1 	 Test r2: 0.6439 	 Test Loss: 0.0162 	 Test MAE: 0.0799
Fold: 2 	 Test r2: 0.8083 	 Test Loss: 0.0071 	 Test MAE: 0.0615
Fold: 3 	 Test r2: 0.6566 	 Test Loss: 0.0254 	 Test MAE: 0.0911
Fold: 4 	 Test r2: 0.8234 	 Test Loss: 0.0069 	 Test MAE: 0.0609
Fold: 5 	 Test r2: 0.6866 	 Test Loss: 0.0111 	 Test MAE: 0.0735
Final avg. r2:  0.7237655102047791
Final avg. MSE: 0.013343556327418862
Final avg. MAE: 0.07339370627222316
R2: 0.7237655102047791 +- 0.0
MAE: 0.07339370627222316 +- 0.0
