Fold: 1 	 Test r2: 0.7447 	 Test Loss: 0.0115 	 Test MAE: 0.0659
Fold: 2 	 Test r2: 0.5676 	 Test Loss: 0.0095 	 Test MAE: 0.0606
Fold: 3 	 Test r2: 0.7040 	 Test Loss: 0.0125 	 Test MAE: 0.0757
Fold: 4 	 Test r2: 0.6860 	 Test Loss: 0.0269 	 Test MAE: 0.0895
Fold: 5 	 Test r2: 0.6671 	 Test Loss: 0.0113 	 Test MAE: 0.0649
Final avg. r2:  0.6738879352088185
Final avg. MSE: 0.014361168136103362
Final avg. MAE: 0.07132009655414592
R2: 0.6738879352088185 +- 0.0
MAE: 0.07132009655414592 +- 0.0
