Fold: 1 	 Test r2: 0.6943 	 Test Loss: 0.0147 	 Test MAE: 0.0855
Fold: 2 	 Test r2: 0.5440 	 Test Loss: 0.0324 	 Test MAE: 0.0727
Fold: 3 	 Test r2: 0.7219 	 Test Loss: 0.0118 	 Test MAE: 0.0800
Fold: 4 	 Test r2: 0.7623 	 Test Loss: 0.0097 	 Test MAE: 0.0583
Fold: 5 	 Test r2: 0.7673 	 Test Loss: 0.0071 	 Test MAE: 0.0508
Final avg. r2:  0.6979657658302786
Final avg. MSE: 0.015162035270209364
Final avg. MAE: 0.06944645348125371
R2: 0.6979657658302786 +- 0.0
MAE: 0.06944645348125371 +- 0.0
