Fold: 1 	 Test r2: 0.5917 	 Test Loss: 0.0326 	 Test MAE: 0.0827
Fold: 2 	 Test r2: 0.8980 	 Test Loss: 0.0043 	 Test MAE: 0.0386
Fold: 3 	 Test r2: 0.4399 	 Test Loss: 0.0242 	 Test MAE: 0.1025
Fold: 4 	 Test r2: 0.8239 	 Test Loss: 0.0055 	 Test MAE: 0.0531
Fold: 5 	 Test r2: 0.6538 	 Test Loss: 0.0129 	 Test MAE: 0.0741
Final avg. r2:  0.6814602554060978
Final avg. MSE: 0.01589637394136145
Final avg. MAE: 0.07018759615884042
R2: 0.6814602554060978 +- 0.0
MAE: 0.07018759615884042 +- 0.0
