Fold: 1 	 Test r2: 0.7216 	 Test Loss: 0.0159 	 Test MAE: 0.0773
Fold: 2 	 Test r2: 0.7338 	 Test Loss: 0.0103 	 Test MAE: 0.0601
Fold: 3 	 Test r2: 0.6239 	 Test Loss: 0.0111 	 Test MAE: 0.0795
Fold: 4 	 Test r2: 0.6047 	 Test Loss: 0.0338 	 Test MAE: 0.0849
Fold: 5 	 Test r2: 0.5555 	 Test Loss: 0.0101 	 Test MAE: 0.0703
Final avg. r2:  0.6478788759781545
Final avg. MSE: 0.016236831853847767
Final avg. MAE: 0.07442679050929693
R2: 0.6478788759781545 +- 0.0
MAE: 0.07442679050929693 +- 0.0
