Fold: 1 	 Test r2: 0.8289 	 Test Loss: 0.0073 	 Test MAE: 0.0580
Fold: 2 	 Test r2: 0.6525 	 Test Loss: 0.0147 	 Test MAE: 0.0866
Fold: 3 	 Test r2: 0.5793 	 Test Loss: 0.0273 	 Test MAE: 0.0729
Fold: 4 	 Test r2: 0.7565 	 Test Loss: 0.0101 	 Test MAE: 0.0578
Fold: 5 	 Test r2: 0.6930 	 Test Loss: 0.0135 	 Test MAE: 0.0773
Final avg. r2:  0.702031627798163
Final avg. MSE: 0.014558625058601166
Final avg. MAE: 0.07053707157812861
R2: 0.702031627798163 +- 0.0
MAE: 0.07053707157812861 +- 0.0
