Fold: 1 	 Test r2: 0.8687 	 Test Loss: 0.0054 	 Test MAE: 0.0466
Fold: 2 	 Test r2: 0.7721 	 Test Loss: 0.0078 	 Test MAE: 0.0634
Fold: 3 	 Test r2: 0.7292 	 Test Loss: 0.0117 	 Test MAE: 0.0556
Fold: 4 	 Test r2: 0.7332 	 Test Loss: 0.0189 	 Test MAE: 0.0632
Fold: 5 	 Test r2: 0.9014 	 Test Loss: 0.0045 	 Test MAE: 0.0441
Final avg. r2:  0.8009197254199082
Final avg. MSE: 0.009655767834328552
Final avg. MAE: 0.054567244387909664
R2: 0.8009197254199082 +- 0.0
MAE: 0.054567244387909664 +- 0.0
