Fold: 1 	 Test r2: 0.6645 	 Test Loss: 0.0103 	 Test MAE: 0.0704
Fold: 2 	 Test r2: 0.8262 	 Test Loss: 0.0081 	 Test MAE: 0.0577
Fold: 3 	 Test r2: 0.8864 	 Test Loss: 0.0046 	 Test MAE: 0.0469
Fold: 4 	 Test r2: 0.8501 	 Test Loss: 0.0084 	 Test MAE: 0.0581
Fold: 5 	 Test r2: 0.5527 	 Test Loss: 0.0269 	 Test MAE: 0.0793
Final avg. r2:  0.7559935186391107
Final avg. MSE: 0.011672668199956302
Final avg. MAE: 0.062471668718724824
R2: 0.7559935186391107 +- 0.0
MAE: 0.062471668718724824 +- 0.0
