Fold: 1 	 Test r2: 0.7065 	 Test Loss: 0.0123 	 Test MAE: 0.0596
Fold: 2 	 Test r2: 0.8183 	 Test Loss: 0.0069 	 Test MAE: 0.0567
Fold: 3 	 Test r2: 0.9105 	 Test Loss: 0.0048 	 Test MAE: 0.0501
Fold: 4 	 Test r2: 0.7079 	 Test Loss: 0.0208 	 Test MAE: 0.0561
Fold: 5 	 Test r2: 0.7797 	 Test Loss: 0.0052 	 Test MAE: 0.0466
Final avg. r2:  0.7845785552344335
Final avg. MSE: 0.010005854376239395
Final avg. MAE: 0.05380172245838002
R2: 0.7845785552344335 +- 0.0
MAE: 0.05380172245838002 +- 0.0
