Fold: 1 	 Test r2: 0.7555 	 Test Loss: 0.0112 	 Test MAE: 0.0667
Fold: 2 	 Test r2: 0.7462 	 Test Loss: 0.0136 	 Test MAE: 0.0688
Fold: 3 	 Test r2: 0.7931 	 Test Loss: 0.0053 	 Test MAE: 0.0472
Fold: 4 	 Test r2: 0.6895 	 Test Loss: 0.0218 	 Test MAE: 0.0657
Fold: 5 	 Test r2: 0.8648 	 Test Loss: 0.0051 	 Test MAE: 0.0472
Final avg. r2:  0.769804126589934
Final avg. MSE: 0.011381005903869671
Final avg. MAE: 0.05909892632340898
R2: 0.769804126589934 +- 0.0
MAE: 0.05909892632340898 +- 0.0
