Fold: 1 	 Test r2: 0.7566 	 Test Loss: 0.0087 	 Test MAE: 0.0636
Fold: 2 	 Test r2: 0.7305 	 Test Loss: 0.0104 	 Test MAE: 0.0724
Fold: 3 	 Test r2: 0.8887 	 Test Loss: 0.0049 	 Test MAE: 0.0482
Fold: 4 	 Test r2: 0.5766 	 Test Loss: 0.0290 	 Test MAE: 0.0829
Fold: 5 	 Test r2: 0.7198 	 Test Loss: 0.0137 	 Test MAE: 0.0692
Final avg. r2:  0.7344580534801759
Final avg. MSE: 0.013335595937216787
Final avg. MAE: 0.06725030790976419
R2: 0.7344580534801759 +- 0.0
MAE: 0.06725030790976419 +- 0.0
