Fold: 1 	 Test r2: 0.5620 	 Test Loss: 0.0164 	 Test MAE: 0.0825
Fold: 2 	 Test r2: 0.7632 	 Test Loss: 0.0094 	 Test MAE: 0.0632
Fold: 3 	 Test r2: 0.7127 	 Test Loss: 0.0126 	 Test MAE: 0.0760
Fold: 4 	 Test r2: 0.9106 	 Test Loss: 0.0040 	 Test MAE: 0.0477
Fold: 5 	 Test r2: 0.6141 	 Test Loss: 0.0261 	 Test MAE: 0.0595
Final avg. r2:  0.7125018724967769
Final avg. MSE: 0.01371602552827523
Final avg. MAE: 0.06578814729883456
R2: 0.7125018724967769 +- 0.0
MAE: 0.06578814729883456 +- 0.0
