Fold: 1 	 Test r2: 0.8366 	 Test Loss: 0.0063 	 Test MAE: 0.0580
Fold: 2 	 Test r2: 0.7716 	 Test Loss: 0.0093 	 Test MAE: 0.0608
Fold: 3 	 Test r2: 0.7199 	 Test Loss: 0.0199 	 Test MAE: 0.0537
Fold: 4 	 Test r2: 0.7224 	 Test Loss: 0.0102 	 Test MAE: 0.0594
Fold: 5 	 Test r2: 0.7953 	 Test Loss: 0.0100 	 Test MAE: 0.0658
Final avg. r2:  0.7691713328228935
Final avg. MSE: 0.011134184509155515
Final avg. MAE: 0.059548974404631014
R2: 0.7691713328228935 +- 0.0
MAE: 0.059548974404631014 +- 0.0
