Fold: 1 	 Test r2: 0.6444 	 Test Loss: 0.0226 	 Test MAE: 0.0638
Fold: 2 	 Test r2: 0.8974 	 Test Loss: 0.0042 	 Test MAE: 0.0455
Fold: 3 	 Test r2: 0.7305 	 Test Loss: 0.0100 	 Test MAE: 0.0618
Fold: 4 	 Test r2: 0.8273 	 Test Loss: 0.0078 	 Test MAE: 0.0556
Fold: 5 	 Test r2: 0.7734 	 Test Loss: 0.0099 	 Test MAE: 0.0697
Final avg. r2:  0.7745833842257557
Final avg. MSE: 0.010898239003072307
Final avg. MAE: 0.05927692118994131
R2: 0.7745833842257557 +- 0.0
MAE: 0.05927692118994131 +- 0.0
