Fold: 1 	 Test r2: 0.8487 	 Test Loss: 0.0057 	 Test MAE: 0.0414
Fold: 2 	 Test r2: 0.7693 	 Test Loss: 0.0105 	 Test MAE: 0.0559
Fold: 3 	 Test r2: 0.8582 	 Test Loss: 0.0049 	 Test MAE: 0.0473
Fold: 4 	 Test r2: 0.7264 	 Test Loss: 0.0215 	 Test MAE: 0.0713
Fold: 5 	 Test r2: 0.8641 	 Test Loss: 0.0052 	 Test MAE: 0.0500
Final avg. r2:  0.8133548896935956
Final avg. MSE: 0.009557249018618614
Final avg. MAE: 0.05320477048822103
R2: 0.8133548896935956 +- 0.0
MAE: 0.05320477048822103 +- 0.0
