Fold: 1 	 Test r2: 0.9291 	 Test Loss: 0.0038 	 Test MAE: 0.0423
Fold: 2 	 Test r2: 0.7445 	 Test Loss: 0.0149 	 Test MAE: 0.0619
Fold: 3 	 Test r2: 0.7638 	 Test Loss: 0.0089 	 Test MAE: 0.0485
Fold: 4 	 Test r2: 0.7127 	 Test Loss: 0.0119 	 Test MAE: 0.0708
Fold: 5 	 Test r2: 0.7966 	 Test Loss: 0.0089 	 Test MAE: 0.0534
Final avg. r2:  0.7893374330520067
Final avg. MSE: 0.009673543907654887
Final avg. MAE: 0.05539599623543775
R2: 0.7893374330520067 +- 0.0
MAE: 0.05539599623543775 +- 0.0
