Fold: 1 	 Test r2: 0.2062 	 Test Loss: 0.0324 	 Test MAE: 0.1091
Fold: 2 	 Test r2: 0.6308 	 Test Loss: 0.0122 	 Test MAE: 0.0644
Fold: 3 	 Test r2: 0.5953 	 Test Loss: 0.0227 	 Test MAE: 0.0524
Fold: 4 	 Test r2: 0.7652 	 Test Loss: 0.0095 	 Test MAE: 0.0660
Fold: 5 	 Test r2: 0.8399 	 Test Loss: 0.0091 	 Test MAE: 0.0648
Final avg. r2:  0.6074921409804435
Final avg. MSE: 0.017177725808536413
Final avg. MAE: 0.07132720714815113
R2: 0.6074921409804435 +- 0.0
MAE: 0.07132720714815113 +- 0.0
