Fold: 1 	 Test r2: 0.7796 	 Test Loss: 0.0104 	 Test MAE: 0.0821
Fold: 2 	 Test r2: 0.3949 	 Test Loss: 0.0184 	 Test MAE: 0.0698
Fold: 3 	 Test r2: 0.6963 	 Test Loss: 0.0094 	 Test MAE: 0.0666
Fold: 4 	 Test r2: 0.5700 	 Test Loss: 0.0294 	 Test MAE: 0.0875
Fold: 5 	 Test r2: 0.7987 	 Test Loss: 0.0108 	 Test MAE: 0.0611
Final avg. r2:  0.6479015468256554
Final avg. MSE: 0.01568992767670834
Final avg. MAE: 0.07343477800070328
R2: 0.6479015468256554 +- 0.0
MAE: 0.07343477800070328 +- 0.0
