Fold: 1 	 Test r2: 0.8094 	 Test Loss: 0.0084 	 Test MAE: 0.0634
Fold: 2 	 Test r2: 0.7589 	 Test Loss: 0.0166 	 Test MAE: 0.0758
Fold: 3 	 Test r2: 0.9079 	 Test Loss: 0.0046 	 Test MAE: 0.0457
Fold: 4 	 Test r2: 0.5948 	 Test Loss: 0.0111 	 Test MAE: 0.0757
Fold: 5 	 Test r2: 0.7956 	 Test Loss: 0.0091 	 Test MAE: 0.0606
Final avg. r2:  0.7733443937522604
Final avg. MSE: 0.009957727074237487
Final avg. MAE: 0.06423961099959453
R2: 0.7733443937522604 +- 0.0
MAE: 0.06423961099959453 +- 0.0
