Fold: 1 	 Test r2: 0.8293 	 Test Loss: 0.0117 	 Test MAE: 0.0689
Fold: 2 	 Test r2: 0.8692 	 Test Loss: 0.0060 	 Test MAE: 0.0496
Fold: 3 	 Test r2: 0.8973 	 Test Loss: 0.0042 	 Test MAE: 0.0462
Fold: 4 	 Test r2: 0.9013 	 Test Loss: 0.0033 	 Test MAE: 0.0338
Fold: 5 	 Test r2: 0.7131 	 Test Loss: 0.0114 	 Test MAE: 0.0600
Final avg. r2:  0.8420635097928605
Final avg. MSE: 0.007326061202683309
Final avg. MAE: 0.051701701721366566
R2: 0.8420635097928605 +- 0.0
MAE: 0.051701701721366566 +- 0.0
