Fold: 1 	 Test r2: 0.6717 	 Test Loss: 0.0231 	 Test MAE: 0.0750
Fold: 2 	 Test r2: 0.7217 	 Test Loss: 0.0106 	 Test MAE: 0.0822
Fold: 3 	 Test r2: 0.7071 	 Test Loss: 0.0157 	 Test MAE: 0.0937
Fold: 4 	 Test r2: 0.8598 	 Test Loss: 0.0047 	 Test MAE: 0.0481
Fold: 5 	 Test r2: 0.7926 	 Test Loss: 0.0081 	 Test MAE: 0.0553
Final avg. r2:  0.7505701802490155
Final avg. MSE: 0.012446734982497414
Final avg. MAE: 0.0708577638453975
R2: 0.7505701802490155 +- 0.0
MAE: 0.0708577638453975 +- 0.0
