Fold: 1 	 Test r2: 0.7810 	 Test Loss: 0.0092 	 Test MAE: 0.0512
Fold: 2 	 Test r2: 0.8976 	 Test Loss: 0.0042 	 Test MAE: 0.0511
Fold: 3 	 Test r2: 0.8601 	 Test Loss: 0.0051 	 Test MAE: 0.0505
Fold: 4 	 Test r2: 0.6824 	 Test Loss: 0.0261 	 Test MAE: 0.0740
Fold: 5 	 Test r2: 0.8504 	 Test Loss: 0.0047 	 Test MAE: 0.0435
Final avg. r2:  0.8142850731550213
Final avg. MSE: 0.00985251374247892
Final avg. MAE: 0.05406286466397903
R2: 0.8142850731550213 +- 0.0
MAE: 0.05406286466397903 +- 0.0
