Fold: 1 	 Test r2: 0.7722 	 Test Loss: 0.0200 	 Test MAE: 0.0772
Fold: 2 	 Test r2: 0.8607 	 Test Loss: 0.0051 	 Test MAE: 0.0441
Fold: 3 	 Test r2: 0.6688 	 Test Loss: 0.0090 	 Test MAE: 0.0569
Fold: 4 	 Test r2: 0.8883 	 Test Loss: 0.0034 	 Test MAE: 0.0321
Fold: 5 	 Test r2: 0.8676 	 Test Loss: 0.0054 	 Test MAE: 0.0497
Final avg. r2:  0.8115105800562075
Final avg. MSE: 0.008562286125039665
Final avg. MAE: 0.051989414385792354
R2: 0.8115105800562075 +- 0.0
MAE: 0.051989414385792354 +- 0.0
