Fold: 1 	 Test r2: 0.7819 	 Test Loss: 0.0081 	 Test MAE: 0.0597
Fold: 2 	 Test r2: 0.6383 	 Test Loss: 0.0264 	 Test MAE: 0.0765
Fold: 3 	 Test r2: 0.6808 	 Test Loss: 0.0141 	 Test MAE: 0.0905
Fold: 4 	 Test r2: 0.6988 	 Test Loss: 0.0121 	 Test MAE: 0.0830
Fold: 5 	 Test r2: 0.7859 	 Test Loss: 0.0088 	 Test MAE: 0.0560
Final avg. r2:  0.7171140283282715
Final avg. MSE: 0.013879594663311276
Final avg. MAE: 0.07314950295527574
R2: 0.7171140283282715 +- 0.0
MAE: 0.07314950295527574 +- 0.0
