Fold: 1 	 Test r2: 0.7593 	 Test Loss: 0.0082 	 Test MAE: 0.0605
Fold: 2 	 Test r2: 0.7804 	 Test Loss: 0.0105 	 Test MAE: 0.0629
Fold: 3 	 Test r2: 0.6500 	 Test Loss: 0.0102 	 Test MAE: 0.0720
Fold: 4 	 Test r2: 0.7912 	 Test Loss: 0.0085 	 Test MAE: 0.0601
Fold: 5 	 Test r2: 0.6343 	 Test Loss: 0.0305 	 Test MAE: 0.0839
Final avg. r2:  0.7230393986931885
Final avg. MSE: 0.013589694240969072
Final avg. MAE: 0.06787380823916218
R2: 0.7230393986931885 +- 0.0
MAE: 0.06787380823916218 +- 0.0
