Fold: 1 	 Test r2: 0.8529 	 Test Loss: 0.0065 	 Test MAE: 0.0538
Fold: 2 	 Test r2: 0.6336 	 Test Loss: 0.0099 	 Test MAE: 0.0486
Fold: 3 	 Test r2: 0.7160 	 Test Loss: 0.0195 	 Test MAE: 0.0722
Fold: 4 	 Test r2: 0.8130 	 Test Loss: 0.0067 	 Test MAE: 0.0554
Fold: 5 	 Test r2: 0.7385 	 Test Loss: 0.0143 	 Test MAE: 0.0678
Final avg. r2:  0.7507870510829469
Final avg. MSE: 0.01137481941602813
Final avg. MAE: 0.05956084909500414
R2: 0.7507870510829469 +- 0.0
MAE: 0.05956084909500414 +- 0.0
