Fold: 1 	 Test r2: 0.7686 	 Test Loss: 0.0161 	 Test MAE: 0.0647
Fold: 2 	 Test r2: 0.8537 	 Test Loss: 0.0070 	 Test MAE: 0.0526
Fold: 3 	 Test r2: 0.9147 	 Test Loss: 0.0036 	 Test MAE: 0.0388
Fold: 4 	 Test r2: 0.8754 	 Test Loss: 0.0045 	 Test MAE: 0.0482
Fold: 5 	 Test r2: 0.8758 	 Test Loss: 0.0048 	 Test MAE: 0.0408
Final avg. r2:  0.8576492390457989
Final avg. MSE: 0.007194417896166474
Final avg. MAE: 0.049012963089863866
R2: 0.8576492390457989 +- 0.0
MAE: 0.049012963089863866 +- 0.0
