Fold: 1 	 Test r2: 0.6616 	 Test Loss: 0.0232 	 Test MAE: 0.0810
Fold: 2 	 Test r2: 0.5093 	 Test Loss: 0.0223 	 Test MAE: 0.0874
Fold: 3 	 Test r2: 0.8112 	 Test Loss: 0.0075 	 Test MAE: 0.0633
Fold: 4 	 Test r2: 0.7248 	 Test Loss: 0.0134 	 Test MAE: 0.0772
Fold: 5 	 Test r2: 0.8128 	 Test Loss: 0.0061 	 Test MAE: 0.0532
Final avg. r2:  0.7039597354416771
Final avg. MSE: 0.01449970130644453
Final avg. MAE: 0.0724141525358063
R2: 0.7039597354416771 +- 0.0
MAE: 0.0724141525358063 +- 0.0
