Fold: 1 	 Test r2: 0.7400 	 Test Loss: 0.0110 	 Test MAE: 0.0643
Fold: 2 	 Test r2: 0.6972 	 Test Loss: 0.0209 	 Test MAE: 0.0762
Fold: 3 	 Test r2: 0.5913 	 Test Loss: 0.0187 	 Test MAE: 0.0761
Fold: 4 	 Test r2: 0.7153 	 Test Loss: 0.0092 	 Test MAE: 0.0604
Fold: 5 	 Test r2: 0.7712 	 Test Loss: 0.0100 	 Test MAE: 0.0797
Final avg. r2:  0.702982968726156
Final avg. MSE: 0.013983870804113844
Final avg. MAE: 0.07132842273951895
R2: 0.702982968726156 +- 0.0
MAE: 0.07132842273951895 +- 0.0
