Fold: 1 	 Test r2: 0.8390 	 Test Loss: 0.0060 	 Test MAE: 0.0463
Fold: 2 	 Test r2: 0.9234 	 Test Loss: 0.0025 	 Test MAE: 0.0344
Fold: 3 	 Test r2: 0.7024 	 Test Loss: 0.0163 	 Test MAE: 0.0580
Fold: 4 	 Test r2: 0.8582 	 Test Loss: 0.0076 	 Test MAE: 0.0586
Fold: 5 	 Test r2: 0.7629 	 Test Loss: 0.0124 	 Test MAE: 0.0640
Final avg. r2:  0.8171755224294526
Final avg. MSE: 0.008962893100055897
Final avg. MAE: 0.052258542916249665
R2: 0.8171755224294526 +- 0.0
MAE: 0.052258542916249665 +- 0.0
