Fold: 1 	 Test r2: 0.6835 	 Test Loss: 0.0091 	 Test MAE: 0.0555
Fold: 2 	 Test r2: 0.6898 	 Test Loss: 0.0173 	 Test MAE: 0.0939
Fold: 3 	 Test r2: 0.5447 	 Test Loss: 0.0295 	 Test MAE: 0.0761
Fold: 4 	 Test r2: 0.3765 	 Test Loss: 0.0183 	 Test MAE: 0.0818
Fold: 5 	 Test r2: 0.7596 	 Test Loss: 0.0126 	 Test MAE: 0.0752
Final avg. r2:  0.6108282327603939
Final avg. MSE: 0.017358335088786103
Final avg. MAE: 0.07648924403906274
R2: 0.6108282327603939 +- 0.0
MAE: 0.07648924403906274 +- 0.0
