Fold: 1 	 Test r2: 0.4533 	 Test Loss: 0.0205 	 Test MAE: 0.0774
Fold: 2 	 Test r2: 0.8238 	 Test Loss: 0.0095 	 Test MAE: 0.0522
Fold: 3 	 Test r2: 0.8244 	 Test Loss: 0.0123 	 Test MAE: 0.0624
Fold: 4 	 Test r2: 0.9341 	 Test Loss: 0.0022 	 Test MAE: 0.0352
Fold: 5 	 Test r2: 0.8502 	 Test Loss: 0.0058 	 Test MAE: 0.0505
Final avg. r2:  0.7771505273704172
Final avg. MSE: 0.010061965005581788
Final avg. MAE: 0.05554990153886428
R2: 0.7771505273704172 +- 0.0
MAE: 0.05554990153886428 +- 0.0
