Fold: 1 	 Test r2: 0.8949 	 Test Loss: 0.0043 	 Test MAE: 0.0405
Fold: 2 	 Test r2: 0.6866 	 Test Loss: 0.0247 	 Test MAE: 0.0758
Fold: 3 	 Test r2: 0.7225 	 Test Loss: 0.0122 	 Test MAE: 0.0515
Fold: 4 	 Test r2: 0.8803 	 Test Loss: 0.0037 	 Test MAE: 0.0395
Fold: 5 	 Test r2: 0.8084 	 Test Loss: 0.0069 	 Test MAE: 0.0503
Final avg. r2:  0.7985133655389574
Final avg. MSE: 0.010337640914562511
Final avg. MAE: 0.05151969957906677
R2: 0.7985133655389574 +- 0.0
MAE: 0.05151969957906677 +- 0.0
